0 69 69 15.35 131.25 1119.88 17.21 53.95 700
1 75 144 11.92 159.16 1896.57 13.89 7.97 600
2 85 229 14.36 152.43 1834.04 15.29 10.42 600
3 138 367 42.36 403.08 3633.78 26.66 26.99 2200
4 68 435 6.09 133.91 1792.58 15.63 13.26 200
5 75 510 14.55 136.19 1481.14 18.08 8.50 700
6 76 586 27.17 235.58 1462.89 32.79 26.99 400
7 126 712 93.12 614.57 105.57 103.08 108.85 8500
8 77 789 63.71 347.70 -713.16 71.46 75.43 5500
9 69 858 56.06 307.52 -476.36 62.08 57.48 5400
10 74 932 58.41 333.46 -544.14 66.71 71.83 5200
11 69 1001 54.33 284.92 -305.24 60.58 56.36 5400
12 73 1074 16.09 151.41 1604.81 22.20 12.50 700
13 105 1179 32.26 321.45 2378.46 31.69 19.23 1400
14 247 1426 50.78 1166.35 14168.77 72.91 54.89 1300
15 382 1808 87.88 2003.79 23991.35 93.65 78.27 2600
16 35 1843 18.93 117.62 113.49 14.91 15.33 1000
17 198 2041 47.61 1017.69 11820.46 50.31 43.58 1100
18 378 2419 75.70 2000.21 25480.68 100.67 59.22 400
19 364 2783 74.90 1925.09 23746.57 119.75 95.32 700
20 315 3098 46.48 1653.66 22186.68 109.74 63.73 500
21 173 3271 24.47 888.17 12085.23 57.60 33.54 300
22 353 3624 42.62 1861.83 26232.95 124.96 74.50 500
23 81 3705 12.09 370.56 4831.89 28.54 19.99 400
24 141 3846 22.50 691.02 8918.56 57.84 37.07 300
25 354 4200 51.57 1868.95 25365.33 131.65 66.74 400
26 378 4578 40.16 2000.30 28799.66 135.85 63.03 200
27 378 4956 41.41 2000.80 28913.34 132.85 54.44 0
28 159 5115 22.48 791.80 10657.27 64.17 31.07 400
29 383 5498 37.82 2005.15 29149.87 146.36 51.25 0
30 97 5595 29.24 415.46 3286.65 58.91 37.58 800
31 86 5681 13.91 378.94 4784.09 36.69 25.41 400
32 380 6061 40.37 2004.18 28956.17 144.34 56.40 0
33 379 6440 45.54 2002.28 28125.35 155.92 83.04 0
34 380 6820 40.35 2002.97 29007.80 136.03 51.50 0
35 379 7199 37.42 2002.19 29157.57 140.71 51.81 0
36 380 7579 41.63 2002.33 28736.47 149.98 60.59 0
37 378 7957 38.05 2002.21 29074.29 138.34 62.85 0
38 379 8336 46.24 2001.21 28091.23 147.56 67.09 0
39 277 8613 28.42 1439.58 20698.25 106.21 57.21 300
40 381 8994 32.33 2005.13 29646.12 140.93 52.61 0
41 56 9050 10.11 227.59 2575.06 27.62 23.48 400
42 380 9430 33.98 2004.61 29608.51 141.32 52.14 0
43 379 9809 39.78 2000.71 28808.68 144.28 61.24 0
44 174 9983 20.26 855.66 11962.43 68.56 32.43 400
45 380 10363 35.90 2001.85 29271.23 143.70 48.78 0
46 211 10574 22.94 1049.25 14856.12 83.40 36.75 300
47 384 10958 58.55 2004.89 26822.19 154.38 79.38 1000
48 207 11165 21.33 1044.60 15012.87 72.20 36.59 300
49 205 11370 21.08 1034.35 14826.22 77.59 42.79 300
50 87 11457 7.73 376.63 5386.83 36.22 21.54 200
51 385 11842 39.22 2004.48 29149.76 133.03 54.42 0
52 381 12223 39.66 2004.02 28865.68 147.16 61.87 0
53 380 12603 47.95 2002.78 28224.40 137.56 57.62 800
54 378 12981 49.18 2001.50 27994.91 142.88 82.74 400
55 380 13361 48.71 2003.31 27921.74 146.81 67.28 700
56 265 13626 29.15 1371.82 19602.17 97.56 43.38 200
57 228 13854 92.08 1066.09 6356.83 149.69 100.31 4400
58 312 14166 39.11 1623.66 22617.64 120.55 62.79 300
59 268 14434 97.00 1306.74 9408.31 172.76 114.56 2400
60 381 14815 37.06 2001.20 29075.96 155.05 65.22 0
61 378 15193 42.20 2002.71 28508.31 145.61 67.87 600
62 114 15307 15.55 536.39 7001.13 53.48 34.98 300
63 141 15448 18.09 691.73 9425.58 57.73 33.83 300
64 383 15831 60.78 2002.96 26491.20 157.47 90.86 1500
65 379 16210 29.33 2001.06 30297.19 124.61 46.56 0
66 124 16334 15.92 594.56 8105.36 50.84 30.03 300
67 162 16496 21.11 791.64 10800.44 66.68 28.14 300
68 148 16644 18.43 736.64 10124.69 61.15 41.65 300
69 344 16988 38.13 1813.83 26184.98 121.39 57.81 300
70 173 17161 18.98 870.71 12314.76 67.77 34.81 400
71 288 17449 29.22 1471.75 21168.59 112.11 53.89 300
72 380 17829 34.90 2003.87 29674.10 131.90 54.61 0
73 193 18022 21.95 977.12 13782.84 75.48 42.70 300
74 309 18331 35.42 1609.31 22662.46 123.63 66.58 300
75 99 18430 11.98 463.95 6367.97 42.58 28.58 300
76 376 18806 32.82 2002.99 29926.28 129.28 42.67 0
77 150 18956 14.42 741.73 10612.39 59.56 37.38 300
78 79 19035 9.99 344.58 4633.46 31.23 23.58 300
79 285 19320 34.48 1474.65 20562.23 107.04 61.04 300
80 134 19454 18.63 631.77 8281.56 62.54 46.45 500
81 386 19840 44.53 2002.85 28038.90 164.43 80.44 0
82 222 20062 30.27 1134.92 15457.95 96.41 48.94 300
83 380 20442 35.86 2002.04 29152.77 149.63 56.53 0
84 49 20491 10.87 188.20 1727.12 27.45 26.22 400
85 163 20654 17.97 817.97 11545.05 58.42 33.21 200
86 220 20874 23.29 1132.00 16108.78 86.29 45.46 300
87 146 21020 14.60 704.70 10046.14 53.52 33.80 300
88 235 21255 30.13 1197.34 16286.09 99.21 52.54 400
89 380 21635 32.22 2004.64 29868.73 135.42 47.56 0
90 98 21733 14.08 454.79 5895.05 37.10 28.09 300
91 378 22111 50.68 2001.54 27292.99 159.75 80.92 800
92 338 22449 55.17 1770.79 23068.72 153.25 80.37 900
93 95 22544 15.79 438.63 5539.13 35.69 25.79 300
94 86 22630 16.34 384.25 4546.75 37.12 23.85 300
95 241 22871 43.66 1229.79 15341.28 109.26 62.61 1400
96 382 23253 43.57 2005.45 28506.91 159.89 71.17 0
97 385 23638 34.21 2005.18 29373.74 157.82 56.52 0
98 380 24018 39.37 2000.73 28745.40 158.59 66.76 0
99 307 24325 38.01 1585.43 22009.96 128.95 56.73 400
100 381 24706 50.01 2003.17 27632.43 163.04 72.53 200
101 379 25085 36.89 2004.28 29224.77 147.31 52.37 0
102 86 25171 13.13 387.57 5014.47 35.98 19.96 400
103 380 25551 39.55 2002.92 28645.96 156.52 61.65 0
104 54 25605 9.72 206.34 2234.02 27.99 27.62 300
105 382 25987 39.77 2004.40 28902.96 152.67 63.15 0
106 380 26367 31.56 2001.55 29440.00 161.35 54.32 100
107 252 26619 35.01 1300.34 17523.23 112.00 51.88 300
108 90 26709 11.97 411.43 5404.89 43.42 26.03 400
109 81 26790 15.42 353.88 4047.49 43.44 33.51 300
110 319 27109 34.63 1654.66 23359.90 137.55 58.82 500
111 201 27310 22.51 1000.14 13856.10 90.91 36.78 600
112 341 27651 37.60 1776.75 25225.08 145.71 64.23 600
113 380 28031 37.44 2001.87 28857.09 163.15 60.95 0
114 245 28276 31.72 1260.80 17289.62 109.83 44.06 500
115 251 28527 34.65 1294.46 17573.76 107.55 54.03 400
116 161 28688 20.40 789.41 10713.90 73.58 32.52 300
117 379 29067 50.28 2002.86 27405.17 165.02 75.84 700
118 380 29447 43.88 2000.71 27942.68 176.49 86.84 200
119 380 29827 38.52 2005.22 28436.29 177.71 72.67 0
120 383 30210 33.84 2001.66 29249.75 164.02 61.17 0
121 49 30259 11.73 161.80 1350.16 27.92 28.26 600
122 135 30394 19.52 659.55 8775.03 53.97 30.01 300
123 80 30474 12.51 342.58 4283.79 36.49 26.75 300
124 380 30854 35.22 2002.63 29447.46 138.72 55.91 0
125 379 31233 54.95 2001.84 27206.62 146.20 73.77 1200
126 112 31345 15.82 512.26 6552.20 57.91 38.65 400
127 382 31727 46.72 2004.13 27995.02 152.53 55.46 0
128 384 32111 66.80 2003.77 25645.32 176.20 97.12 700
129 389 32500 42.28 2002.59 28259.49 163.28 64.80 0
130 197 32697 22.13 971.78 13590.80 79.75 35.25 300
131 238 32935 25.55 1216.92 17322.87 97.04 51.69 400
132 368 33303 46.32 1896.80 26475.13 141.15 61.26 300
133 90 33393 16.75 303.43 3569.05 42.06 27.34 400
134 210 33603 39.07 1043.44 12984.88 93.50 47.87 300
135 45 33648 9.92 113.41 1035.56 22.95 21.15 200
136 360 34008 67.40 1848.37 22963.14 176.36 94.55 700
137 385 34393 84.74 2005.16 23956.64 190.51 93.27 300
138 66 34459 23.56 273.73 1931.44 44.54 30.94 300
139 287 34746 89.71 1466.68 14236.94 170.27 111.86 900
140 379 35125 63.75 2000.33 26169.50 168.78 72.67 0
141 105 35230 15.69 477.16 6197.35 44.66 29.44 300
142 383 35613 48.36 2005.15 28198.83 156.80 69.32 0
143 47 35660 7.50 136.14 1503.21 19.76 14.77 400
144 217 35877 40.47 1087.22 13398.41 101.53 61.50 900
145 85 35962 11.86 378.97 5026.25 32.36 21.49 200
146 376 36338 41.56 2001.76 28652.80 144.17 61.72 0
147 293 36631 35.44 1540.64 21310.31 134.20 62.05 300
148 374 37005 38.50 2002.06 29022.49 148.35 48.03 0
149 377 37382 50.76 2005.51 27386.88 173.22 80.87 100
150 112 37494 16.07 537.92 7027.90 51.01 28.46 300
151 102 37596 15.53 489.24 6286.33 50.93 32.40 300
152 84 37680 11.59 381.09 4936.46 44.01 24.86 300
153 96 37776 13.30 452.51 5867.79 47.03 29.66 200
154 83 37859 11.78 377.91 4908.95 42.70 24.78 200
155 219 38078 29.05 1139.29 15578.70 94.41 45.86 200
156 377 38455 50.52 2005.21 27739.24 151.35 63.71 0
157 376 38831 45.13 2004.46 28289.18 161.69 55.41 0
158 244 39075 41.84 1257.55 15669.69 133.79 80.29 500
159 377 39452 47.27 2002.55 27947.80 172.43 62.19 0
160 338 39790 51.03 1783.46 23855.00 150.71 67.44 300
161 178 39968 26.11 911.00 11914.39 82.62 42.67 300
162 92 40060 16.07 429.84 5318.28 49.36 27.01 400
163 376 40436 56.95 2004.29 27030.38 152.21 67.59 0
164 310 40746 51.70 1624.06 21150.83 139.81 67.74 300
165 376 41122 43.59 2003.31 28569.26 144.27 47.96 0
166 136 41258 24.15 676.13 8353.41 63.51 36.80 300
167 104 41362 22.13 497.48 5688.82 46.77 26.63 600
168 83 41445 10.66 384.40 5128.84 40.02 21.67 300
169 81 41526 12.15 365.90 4609.67 40.19 24.37 300
170 377 41903 64.07 2002.59 26151.67 173.34 90.86 500
171 31 41934 5.21 88.56 913.88 16.94 10.22 300
172 135 42069 18.51 667.51 8885.49 56.23 37.61 300
173 375 42444 49.49 2001.93 27825.02 156.17 70.39 0
174 302 42746 47.25 1586.17 20914.86 133.68 58.95 200
175 232 42978 32.99 1203.91 16167.33 102.31 43.91 300
176 97 43075 13.19 458.77 5947.85 49.94 26.08 200
177 376 43451 45.33 2004.17 28411.96 135.81 55.82 0
178 274 43725 34.41 1437.21 19945.42 119.34 55.53 300
179 99 43824 12.77 470.83 6268.84 47.87 34.34 300
180 93 43917 13.92 432.97 5622.37 42.41 24.42 300
181 379 44296 51.77 2003.64 27435.34 167.10 87.74 0
182 379 44675 44.12 2004.75 28645.81 148.28 47.27 0
183 165 44840 25.18 830.07 10956.53 64.97 36.53 400
184 340 45180 44.88 1789.65 24797.50 133.05 64.04 400
185 380 45560 44.93 2004.29 28636.24 136.15 52.79 0
186 303 45863 46.25 1583.56 21200.47 124.18 78.63 300
187 87 45950 11.00 403.49 5428.30 36.50 28.15 300
188 378 46328 46.21 2004.93 28348.23 137.61 63.18 300
189 153 46481 22.23 755.50 9951.25 64.64 35.76 300
190 163 46644 27.39 810.77 10517.55 66.51 33.70 400
191 378 47022 46.49 2001.53 28273.05 140.20 57.18 0
192 382 47404 55.13 2001.34 27397.37 148.93 74.12 0
193 322 47726 42.31 1676.52 23100.53 131.22 62.86 300
194 173 47899 19.99 868.93 12225.80 68.38 37.37 300
195 88 47987 10.84 411.31 5638.36 36.50 23.46 300
196 167 48154 24.16 838.82 11288.57 66.39 32.75 300
197 80 48234 10.22 354.61 4633.34 39.13 23.68 300
198 80 48314 13.54 330.15 4030.19 32.95 18.80 400
199 254 48568 34.61 1300.18 17566.23 112.95 68.12 300
200 160 48728 23.23 806.25 10501.52 73.99 42.21 300
201 378 49106 49.33 2004.84 27727.63 154.33 76.08 0
202 248 49354 31.78 1265.56 17399.74 101.04 65.32 300
203 348 49702 45.14 1822.97 25482.82 131.89 68.96 300
204 378 50080 44.74 2002.68 28532.08 137.61 52.08 0
205 89 50169 15.54 400.11 4974.63 38.84 21.74 300
206 279 50448 51.88 1436.59 17986.83 132.94 90.81 700
207 154 50602 27.90 782.61 9716.19 67.56 38.01 300
208 377 50979 54.94 2004.74 27090.87 171.55 76.55 0
209 379 51358 61.13 2004.43 26701.97 146.04 74.32 700
210 379 51737 68.43 2004.48 25400.24 186.22 84.39 900
211 149 51886 23.06 739.81 9656.10 66.97 37.23 300
212 176 52062 29.57 874.27 11105.99 84.68 37.08 400
213 381 52443 62.39 2001.30 26320.52 173.18 78.52 200
214 176 52619 34.55 891.97 10912.15 85.42 50.17 300
215 381 53000 48.35 2005.36 28153.48 156.25 60.80 0
216 121 53121 35.56 563.24 4727.59 69.39 39.17 1400
217 126 53247 17.90 599.75 7982.70 55.29 32.55 200
218 283 53530 47.74 1445.64 18536.56 129.55 81.17 700
219 382 53912 43.14 2004.58 28694.38 156.13 63.06 0
220 54 53966 9.62 171.63 1869.09 31.04 28.07 300
221 144 54110 19.46 677.57 8994.13 64.68 41.04 400
222 380 54490 42.28 2003.89 28779.96 153.34 50.58 0
223 383 54873 50.13 2002.68 27704.27 157.17 71.65 500
224 377 55250 52.19 2003.94 27514.45 163.28 73.54 100
225 74 55324 19.64 301.60 2606.18 46.25 31.54 700
226 136 55460 52.35 617.86 3708.44 77.58 60.83 2900
227 65 55525 17.17 248.02 2013.43 36.40 32.94 600
228 260 55785 35.44 1327.46 18164.72 105.04 47.95 300
229 379 56164 49.28 2004.45 27860.47 156.25 59.58 0
230 378 56542 51.94 2003.21 27677.01 162.53 66.54 0
231 382 56924 57.21 2003.31 26935.92 158.69 58.40 1000
232 406 57330 151.02 2000.04 13896.56 244.05 182.53 6200
233 104 57434 31.77 444.60 3483.40 56.70 41.66 1700
234 142 57576 44.80 634.11 4793.92 82.55 68.38 2100
235 380 57956 40.49 2001.57 28886.78 142.51 62.80 0
236 380 58336 47.94 2002.47 28278.83 144.82 62.64 0
237 81 58417 22.84 331.79 2732.44 37.69 60.92 700
238 357 58774 113.72 1722.34 14176.95 211.49 143.59 2600
239 133 58907 34.15 601.65 5787.92 64.14 53.59 500
240 368 59275 115.93 1782.67 14833.71 206.83 136.09 3200
241 64 59339 19.24 252.30 1908.75 32.24 25.21 300
242 379 59718 42.01 2004.06 28732.33 141.01 53.65 0
243 44 59762 10.48 140.50 1173.85 19.22 23.52 400
244 44 59806 8.98 145.79 1462.90 15.52 9.42 500
245 377 60183 40.43 2004.38 28928.91 132.12 57.45 0
246 230 60413 30.71 1189.15 16307.34 89.54 52.07 200
247 378 60791 40.06 2004.91 29169.34 131.96 54.83 0
248 95 60886 17.63 433.02 5079.64 39.54 34.72 700
249 175 61061 30.39 854.52 10912.00 65.75 48.15 1000
250 127 61188 18.11 620.49 8265.30 49.26 27.91 200
251 319 61507 34.85 1661.23 23688.66 123.65 63.31 200
252 379 61886 44.75 2003.25 28495.17 137.86 54.97 0
253 376 62262 44.66 2002.26 28493.57 136.06 67.17 500
254 45 62307 12.17 147.66 1069.95 26.47 22.13 400
255 225 62532 33.61 1151.57 15308.55 89.59 42.18 900
256 142 62674 21.29 687.10 8988.87 54.67 40.32 300
257 378 63052 42.40 2003.24 28643.96 143.56 68.89 0
258 355 63407 44.48 1843.10 25750.69 132.67 55.36 200
259 81 63488 13.24 342.81 4164.60 32.85 23.42 300
260 82 63570 12.30 359.77 4637.93 27.22 21.75 300
261 354 63924 71.30 1834.76 21869.09 147.12 92.10 2000
262 307 64231 41.55 1598.68 22110.40 106.65 55.89 300
263 80 64311 13.32 345.51 4300.18 31.30 26.89 300
264 385 64696 50.42 2004.16 27627.78 154.34 70.20 0
265 88 64784 13.47 399.35 5201.91 33.36 22.15 400
266 149 64933 19.35 705.16 9469.36 56.56 35.98 300
267 235 65168 32.51 1189.90 15991.85 99.34 56.56 300
268 197 65365 35.08 967.81 12490.09 66.78 36.47 600
269 382 65747 44.77 2000.01 28644.82 129.34 49.70 0
270 139 65886 53.37 604.90 3333.60 83.14 52.44 2100
271 68 65954 16.84 259.75 2357.01 29.34 25.47 500
272 79 66033 12.11 335.75 4213.38 30.87 23.37 300
273 381 66414 43.38 2003.66 28617.41 131.51 62.43 0
274 249 66663 47.06 1262.46 15961.98 94.18 64.61 1200
275 219 66882 31.24 1106.06 14918.47 79.23 44.78 300
276 381 67263 44.78 2001.98 28577.45 131.13 55.64 0
277 123 67386 20.85 536.62 6743.54 52.32 36.04 300
278 83 67469 15.15 345.28 4016.00 31.07 27.32 600
279 317 67786 41.09 1620.88 22445.88 119.69 56.31 300
280 153 67939 45.37 693.08 5818.24 84.31 54.50 1900
281 326 68265 60.79 1696.57 21513.25 136.34 78.65 400
282 379 68644 47.26 2005.04 28284.47 139.17 47.68 0
283 384 69028 52.25 2003.54 27880.47 142.06 54.56 0
284 128 69156 19.72 599.73 7724.04 61.89 29.74 200
285 85 69241 11.74 369.23 4854.13 33.21 24.16 200
286 380 69621 44.65 2001.92 28604.82 146.77 59.87 0
287 128 69749 22.34 592.25 7085.63 55.31 43.98 300
288 91 69840 24.08 394.51 3520.14 48.87 43.44 800
289 92 69932 31.23 381.40 2422.57 45.28 37.48 1400
290 337 70269 48.86 1755.70 23662.78 145.53 72.81 300
291 385 70654 55.08 2005.06 27264.34 156.90 76.36 400
292 379 71033 43.35 2000.10 28733.60 141.74 49.79 0
293 205 71238 77.82 986.90 6752.64 116.39 78.93 3800
294 383 71621 49.12 2004.96 27992.30 153.80 67.32 0
295 45 71666 5.95 127.04 1529.60 22.40 16.71 300
296 383 72049 43.82 2003.65 28798.36 143.50 46.43 0
297 210 72259 32.30 1025.48 13522.00 94.01 37.64 300
298 203 72462 78.35 967.86 6531.73 116.08 87.20 3900
299 150 72612 23.07 710.86 9161.85 70.22 47.23 400
300 159 72771 22.76 781.63 10466.68 67.18 39.38 300
301 84 72855 11.04 360.58 4708.24 36.90 27.12 300
302 380 73235 42.07 2002.03 28754.09 146.56 60.62 0
303 43 73278 6.03 130.57 1511.88 17.48 11.21 300
304 230 73508 28.04 1142.47 15864.28 100.73 44.31 400
305 189 73697 29.62 941.51 12253.64 79.82 47.60 300
306 232 73929 34.10 1186.23 15901.57 97.02 62.09 300
307 149 74078 18.20 719.48 9831.20 66.17 29.02 300
308 85 74163 12.28 378.57 4974.38 31.86 24.02 300
309 257 74420 32.64 1330.46 18535.71 102.36 50.49 300
310 378 74798 40.65 2001.82 28953.10 146.85 42.72 0
311 122 74920 20.64 567.75 7084.90 50.64 31.79 300
312 282 75202 39.82 1452.64 19425.79 130.88 53.46 300
313 382 75584 42.30 2002.81 28518.22 168.84 56.44 0
314 369 75953 52.56 1916.03 25910.21 168.47 87.60 300
315 369 76322 47.10 1922.75 26563.53 163.10 75.29 300
316 101 76423 14.50 459.96 5943.15 48.39 25.49 300
317 383 76806 40.30 2000.37 28883.30 160.57 59.87 0
318 383 77189 48.92 2000.05 28033.47 157.99 50.94 0
319 379 77568 44.88 2000.80 28372.47 156.06 64.24 0
320 385 77953 46.72 2002.42 28133.60 164.78 68.45 0
321 97 78050 16.62 426.25 5152.10 52.40 30.79 400
322 145 78195 16.94 694.78 9515.97 66.59 34.38 300
323 271 78466 33.42 1387.10 19208.07 122.20 50.43 300
324 145 78611 15.89 653.44 8953.01 65.16 28.27 200
325 385 78996 38.59 2001.61 28937.24 173.68 58.82 0
326 389 79385 46.95 2001.08 27961.95 175.00 70.41 0
327 200 79585 22.73 1004.77 13985.56 92.76 43.25 300
328 390 79975 48.96 2004.02 27940.76 167.10 66.61 900
329 193 80168 23.40 945.71 13139.00 80.71 39.47 300
330 378 80546 45.63 1968.55 27402.80 180.00 76.76 300
331 382 80928 45.39 2003.66 28253.37 164.12 71.68 500
332 168 81096 18.61 802.81 11091.65 76.72 44.20 300
333 223 81319 34.92 1115.88 14710.38 100.02 39.02 1000
334 84 81403 12.57 367.72 4630.83 41.12 21.81 300
335 383 81786 55.00 2004.35 27146.99 171.28 66.14 700
336 381 82167 41.57 2002.38 28640.21 162.09 55.99 0
337 380 82547 45.51 2003.00 27924.32 182.97 76.79 0
338 157 82704 22.80 780.93 10211.01 79.06 41.71 300
339 171 82875 22.16 841.71 11407.51 81.31 43.30 300
340 63 82938 10.64 219.32 2453.21 35.22 29.15 300
341 88 83026 12.63 384.43 4999.08 41.71 20.26 300
342 147 83173 19.55 694.76 9166.78 70.19 44.91 300
343 383 83556 37.96 2002.65 28975.59 168.53 57.68 0
344 379 83935 43.48 1983.69 27826.32 179.27 66.61 300
345 85 84020 9.98 377.13 5114.23 39.76 24.93 300
346 144 84164 26.25 696.84 8629.40 66.01 41.77 900
347 86 84250 19.88 371.15 3901.31 42.69 31.25 1000
348 382 84632 41.54 2002.11 28663.11 166.48 56.66 0
349 93 84725 14.25 427.13 5355.14 47.43 24.47 200
350 90 84815 16.35 401.94 4879.05 42.10 21.03 700
351 328 85143 64.25 1708.11 21144.17 161.38 89.24 1600
352 86 85229 14.38 364.05 4356.07 47.09 26.94 200
353 146 85375 25.07 698.19 8676.71 77.48 34.81 600
354 84 85459 14.16 371.94 4502.85 43.79 30.02 300
355 381 85840 47.32 2004.72 27750.63 194.13 81.54 0
356 121 85961 23.10 543.30 6508.43 57.17 47.16 1100
357 274 86235 35.09 1385.61 18971.61 128.16 62.57 400
358 289 86524 38.67 1475.43 20022.48 142.82 59.76 300
359 330 86854 35.55 1708.52 24168.06 159.94 54.21 200
360 388 87242 47.73 2005.05 27745.38 179.72 59.04 500
361 172 87414 26.48 858.56 11250.03 83.48 31.80 500
362 307 87721 43.76 1551.25 20692.99 154.37 67.32 300
363 380 88101 47.42 2003.63 27987.68 174.98 60.03 0
364 142 88243 21.38 660.90 8589.82 69.68 29.72 400
365 347 88590 38.80 1812.86 25489.47 168.98 59.44 400
366 90 88680 11.30 371.28 4878.15 42.34 24.72 200
367 383 89063 40.72 2000.48 28721.50 170.35 44.34 0
368 385 89448 43.53 2001.53 28473.69 164.09 57.62 0
369 378 89826 38.97 2003.57 29061.55 154.68 42.48 0
370 371 90197 65.79 1939.27 24452.23 189.26 110.38 1700
371 88 90285 9.74 380.33 5204.92 40.95 20.58 300
372 381 90666 57.68 2001.94 26566.32 179.59 83.56 1400
373 28 90694 7.33 63.47 348.11 18.21 11.16 400
374 81 90775 8.82 355.73 4836.85 38.72 24.75 300
375 151 90926 51.99 687.75 5081.99 96.01 74.42 1700
376 390 91316 154.58 1937.41 13008.95 251.50 164.36 6800
377 154 91470 67.18 709.92 3817.25 98.35 65.65 3700
378 242 91712 28.58 1227.51 17101.63 109.08 49.93 300
379 79 91791 36.04 313.80 1064.54 52.05 53.62 2500
380 87 91878 36.10 317.75 1043.78 61.97 75.13 1600
381 80 91958 27.16 321.18 2182.90 51.40 40.28 1400
382 382 92340 37.61 2000.15 28937.91 164.93 66.44 0
383 379 92719 40.26 2005.42 28582.32 175.57 62.08 0
384 87 92806 12.28 387.91 4937.20 40.13 23.31 300
385 382 93188 55.30 2005.05 27052.15 182.64 68.09 0
386 379 93567 45.20 2003.14 28367.53 160.02 66.27 0
387 120 93687 15.53 572.45 7687.92 55.78 28.01 300
388 378 94065 43.48 2000.19 28348.83 160.17 59.80 400
389 380 94445 43.69 2000.48 28350.94 168.94 63.87 0
390 294 94739 35.15 1534.39 21321.87 142.79 60.36 400
391 229 94968 27.81 1150.35 15998.59 98.14 46.49 300
392 377 95345 39.50 2004.92 28913.88 161.12 49.21 0
393 376 95721 43.10 2001.98 28382.43 170.41 50.99 0
394 242 95963 35.25 1229.33 16294.39 120.77 54.55 300
395 379 96342 41.59 2005.20 28635.97 169.99 52.20 0
396 75 96417 10.26 327.99 4170.55 40.22 22.53 300
397 380 96797 45.24 2005.45 28343.26 167.69 58.10 0
398 50 96847 6.28 200.93 2485.06 29.28 17.39 300
399 379 97226 61.34 2004.66 26101.64 192.35 105.85 1200
400 264 97490 30.85 1377.29 19199.56 124.61 48.49 300
401 128 97618 15.20 623.43 8457.08 64.92 27.60 300
402 380 97998 52.69 2005.01 27410.70 175.95 81.91 0
403 180 98178 26.81 865.62 11272.80 86.56 38.03 300
404 373 98551 46.78 1977.50 27128.99 189.91 68.49 400
405 87 98638 11.44 399.70 5261.75 44.44 22.26 300
406 377 99015 42.16 2000.71 28152.15 188.00 68.69 0
407 376 99391 40.42 2000.06 28553.89 176.07 53.10 0
408 382 99773 46.53 2003.16 27851.53 184.44 74.17 0
409 381 100154 40.21 2002.70 28719.80 172.73 56.29 0
410 83 100237 12.38 354.80 4489.44 39.55 23.49 300
411 380 100617 51.96 2001.04 27354.32 177.28 63.66 0
412 380 100997 44.74 2003.69 28054.31 182.56 63.22 0
413 378 101375 33.46 2004.94 29409.34 166.11 54.35 0
414 375 101750 38.78 2002.40 28853.93 166.19 51.14 0
415 164 101914 22.86 802.37 10590.18 81.58 38.52 300
416 379 102293 41.50 2004.03 28428.06 180.82 70.33 0
417 362 102655 43.66 1888.75 26337.57 176.14 55.76 300
418 96 102751 11.48 445.76 5975.31 49.42 23.88 300
419 194 102945 29.05 986.79 12897.94 91.18 57.40 600
420 292 103237 33.36 1514.44 21356.49 126.84 55.81 300
421 167 103404 23.72 818.53 10847.95 75.94 38.76 400
422 341 103745 45.33 1798.55 24807.65 147.53 52.05 400
423 148 103893 19.03 730.98 9762.42 72.54 42.31 300
424 287 104180 35.18 1474.28 20284.56 146.14 60.79 300
425 164 104344 22.15 803.15 10471.81 89.11 50.31 400
426 86 104430 13.14 396.89 4980.71 42.90 24.36 300
427 382 104812 37.56 2000.42 28644.73 186.70 61.81 0
428 379 105191 39.34 2000.53 28810.82 169.82 55.16 0
429 247 105438 29.13 1257.96 17422.50 122.01 48.44 300
430 177 105615 22.26 890.33 12052.67 91.73 34.84 300
431 389 106004 49.79 2000.21 27831.01 181.38 59.68 0
432 198 106202 27.13 1002.71 13549.36 90.06 34.86 400
433 158 106360 19.56 788.00 10637.64 81.33 40.28 200
434 383 106743 53.84 2005.19 27333.43 183.11 62.20 0
435 43 106786 7.29 149.32 1605.30 19.74 14.16 400
436 381 107167 42.59 2003.65 28349.44 176.77 61.06 0
437 387 107554 48.72 2001.46 27602.26 188.79 69.37 200
438 54 107608 11.76 212.60 2100.29 29.57 31.31 500
439 253 107861 28.44 1297.24 18104.16 117.22 49.65 200
440 347 108208 47.40 1813.43 24842.45 159.76 59.29 300
441 381 108589 50.42 2005.50 27858.88 167.43 66.26 0
442 72 108661 11.06 307.30 3865.76 34.00 13.95 300
443 380 109041 48.83 2005.36 27917.23 168.59 61.05 0
444 383 109424 42.98 2001.85 28211.29 181.97 70.63 0
445 248 109672 26.93 1269.62 17822.63 121.16 51.57 300
446 381 110053 49.70 2003.05 28148.67 158.19 55.71 0
447 40 110093 5.34 131.10 1503.54 21.17 15.32 300
448 145 110238 21.09 709.51 9359.79 65.97 32.37 300
449 352 110590 50.39 1843.46 24885.17 173.79 86.29 400
450 379 110969 49.30 2003.43 27617.08 183.02 82.01 0
451 257 111226 39.45 1324.51 17534.64 119.04 57.56 300
452 380 111606 44.04 2000.43 28210.38 173.10 59.62 100
453 384 111990 45.80 2003.97 28201.75 171.71 63.31 0
454 134 112124 17.11 651.83 8633.68 72.36 28.47 200
455 382 112506 42.15 2001.99 28284.49 176.54 51.61 0
456 295 112801 38.02 1516.23 20825.16 134.63 53.76 300
457 81 112882 9.47 349.40 4604.63 41.50 19.90 300
458 315 113197 38.36 1614.59 22337.66 145.48 70.29 300
459 379 113576 41.22 1989.91 28306.92 170.73 63.61 300
460 348 113924 40.03 1814.61 25488.45 159.20 60.68 400
461 313 114237 41.45 1624.53 21916.46 154.43 77.74 400
462 306 114543 33.18 1583.99 22557.19 135.79 51.48 300
463 381 114924 39.02 2004.87 28715.91 184.10 50.49 0
464 84 115008 11.59 360.79 4591.10 43.08 27.76 300
465 382 115390 42.11 2005.27 28537.45 177.88 55.90 0
466 235 115625 29.28 1198.51 16444.86 108.23 49.45 200
467 79 115704 13.15 325.97 3913.07 43.07 20.33 500
468 382 116086 41.00 2000.47 28580.68 170.22 55.73 0
469 243 116329 37.25 1250.34 16575.70 112.50 44.17 300
470 387 116716 44.17 2001.50 28277.40 179.13 66.25 0
471 384 117100 50.73 2002.16 27177.04 190.33 63.75 300
472 381 117481 38.50 2002.58 28952.01 163.64 69.70 200
473 385 117866 46.69 2005.38 28077.96 173.89 53.77 0
474 57 117923 8.57 227.67 2767.27 26.71 19.89 300
475 379 118302 61.73 2001.33 26162.26 180.85 76.14 1600
476 94 118396 11.47 435.05 5863.06 43.77 23.60 300
477 319 118715 34.05 1657.60 23322.96 158.70 66.09 300
478 381 119096 46.25 2005.26 27918.01 181.10 69.01 700
479 380 119476 57.37 2002.89 26878.31 172.40 68.97 0
480 44 119520 6.82 148.40 1668.53 17.39 8.70 300
481 390 119910 51.66 2003.12 27545.01 180.33 66.16 100
482 381 120291 49.46 2001.69 27538.23 186.84 75.02 0
483 246 120537 38.45 1256.83 16262.98 114.07 66.64 1000
484 383 120920 60.02 2004.28 26262.32 197.49 85.99 800
485 119 121039 12.90 561.68 7671.86 60.50 26.76 200
486 381 121420 47.51 2002.00 27954.59 175.16 66.98 0
487 204 121624 26.10 1028.12 13879.54 101.91 47.64 300
488 220 121844 24.34 1103.80 15445.78 111.64 39.24 200
489 86 121930 10.99 389.53 5093.09 46.83 25.52 300
490 169 122099 27.90 833.07 10554.82 84.35 42.34 400
491 380 122479 44.63 2000.23 28177.04 170.37 57.83 0
492 188 122667 26.28 940.04 12447.52 94.42 39.43 400
493 386 123053 48.33 2000.12 27698.66 185.85 80.05 0
494 344 123397 43.53 1798.60 24737.36 168.69 73.03 300
495 163 123560 24.91 797.58 10321.60 79.79 36.09 400
496 288 123848 36.68 1491.37 20449.41 138.96 64.06 300
497 327 124175 39.03 1697.04 23716.30 150.89 60.88 300
498 384 124559 42.09 2000.47 28231.21 194.34 70.98 0
499 381 124940 48.76 2000.13 27894.16 174.34 48.15 0
500 231 125171 31.84 1177.20 15820.95 117.10 49.79 300
501 352 125523 38.42 1814.43 25747.40 164.69 53.92 300
502 385 125908 40.66 2001.42 28672.60 184.47 49.84 0
503 385 126293 43.20 2003.09 28201.38 189.96 65.08 0
504 366 126659 62.51 1891.03 23847.39 195.39 100.26 1200
505 82 126741 11.76 367.81 4611.99 44.67 21.03 300
506 387 127128 41.72 2004.36 28469.71 188.47 58.02 0
507 191 127319 28.02 958.39 12591.15 95.16 37.91 400
508 156 127475 23.97 764.57 9918.17 75.89 39.65 400
509 318 127793 45.98 1643.43 22079.02 154.25 63.26 200
510 241 128034 27.84 1224.47 17195.89 109.62 36.95 400
511 88 128122 13.14 377.92 4693.93 46.64 25.07 300
512 382 128504 43.71 2002.33 28074.36 184.77 71.40 0
513 177 128681 21.25 875.73 11958.93 86.05 37.12 300
514 135 128816 17.76 657.18 8761.91 67.39 29.73 300
515 222 129038 30.07 1128.75 15138.07 111.70 51.96 400
516 379 129417 50.98 2000.66 27292.54 189.54 66.31 0
517 82 129499 10.92 354.98 4488.53 48.56 26.91 200
518 383 129882 52.14 2000.82 27219.74 197.62 67.50 400
519 380 130262 42.24 2004.81 28505.62 175.55 53.74 0
520 381 130643 54.47 2002.93 27079.02 193.71 69.15 0
521 308 130951 39.35 1607.07 21905.68 167.56 55.08 200
522 175 131126 24.94 872.94 11665.92 82.83 35.25 300
523 128 131254 16.12 617.26 8322.18 65.76 21.11 300
524 385 131639 43.54 2002.08 28194.15 198.81 58.13 0
525 178 131817 27.58 868.99 11269.54 93.76 29.17 400
526 345 132162 42.05 1774.45 24383.86 184.10 71.36 200
527 216 132378 26.59 1085.27 14935.77 105.81 43.44 400
528 350 132728 42.55 1745.88 24111.10 183.72 69.86 300
529 387 133115 48.61 2004.53 27625.92 205.41 69.04 0
530 75 133190 11.10 312.70 3860.34 40.23 18.96 400
531 383 133573 45.18 2002.37 27722.69 200.25 75.30 700
532 385 133958 45.16 2003.95 28316.00 178.06 54.01 0
533 385 134343 40.16 2002.43 28577.74 186.26 61.65 0
534 384 134727 42.66 2000.49 28191.58 187.26 67.55 0
535 390 135117 34.87 2005.34 29383.92 183.72 48.71 0
536 48 135165 7.73 169.36 1883.69 24.74 13.20 300
537 383 135548 49.34 2003.33 27480.07 195.47 70.44 300
538 113 135661 16.37 507.13 6616.95 50.47 30.94 300
539 152 135813 16.66 742.65 10283.11 72.96 35.82 200
540 276 136089 30.51 1393.54 19575.20 128.74 47.60 300
541 380 136469 48.44 2001.28 27710.79 184.70 76.91 0
542 384 136853 45.51 2005.28 28111.56 185.47 74.97 0
543 239 137092 42.21 1224.53 15629.91 120.88 51.52 700
544 384 137476 61.88 2003.23 26179.71 200.84 99.74 300
545 260 137736 42.03 1323.00 17314.76 116.29 47.11 300
546 168 137904 18.05 825.62 11477.97 84.68 40.53 200
547 102 138006 12.84 468.89 6233.85 50.47 25.27 300
548 381 138387 48.58 2001.99 27879.30 170.06 62.98 0
549 183 138570 18.85 913.70 12955.43 81.64 37.73 300
550 383 138953 47.73 2002.72 28051.21 170.62 47.69 0
551 238 139191 33.40 1213.87 16254.75 118.47 43.55 300
552 256 139447 31.31 1295.62 18024.28 114.39 44.79 200
553 143 139590 18.49 687.75 9210.91 67.91 35.25 300
554 385 139975 48.90 2002.32 27932.51 170.05 79.37 0
555 382 140357 45.30 2003.97 28263.59 167.85 62.25 0
556 382 140739 49.15 2002.77 27947.03 161.45 49.24 0
557 143 140882 17.90 675.93 9108.52 68.80 28.07 300
558 150 141032 26.03 729.04 9040.17 68.63 36.06 800
559 218 141250 40.06 1113.15 13883.90 103.85 59.77 300
560 221 141471 29.43 1114.91 15275.24 93.01 41.17 300
561 79 141550 9.02 339.34 4513.57 36.66 21.52 300
562 268 141818 46.35 1356.04 17322.19 125.30 59.51 300
563 155 141973 23.31 744.38 9605.15 73.29 46.17 300
564 93 142066 14.73 410.05 5019.95 43.78 25.64 500
565 382 142448 55.42 2001.65 27158.15 174.82 63.90 0
566 107 142555 15.46 477.57 6099.11 53.37 30.64 300
567 382 142937 51.02 2005.23 27536.27 176.75 64.75 0
568 381 143318 54.73 2000.53 27434.02 158.25 59.03 0
569 307 143625 47.43 1588.63 20732.67 151.73 71.73 900
570 96 143721 14.78 427.90 5337.78 50.41 33.27 200
571 335 144056 51.90 1732.23 22654.66 171.49 85.69 300
572 225 144281 30.30 1142.75 15329.01 111.75 47.09 300
573 383 144664 67.53 2000.08 25536.74 188.64 89.33 900
574 388 145052 56.82 2001.26 26701.02 196.69 85.90 400
575 386 145438 71.45 2000.30 25152.60 202.20 99.09 200
576 385 145823 59.92 2002.17 26314.94 196.68 86.16 400
577 120 145943 16.70 550.27 7153.36 58.23 41.22 200
578 331 146274 48.27 1699.42 22730.21 159.78 63.03 300
579 391 146665 70.82 2004.56 25114.93 198.90 104.12 1600
580 236 146901 41.88 1177.82 14530.38 123.72 69.59 300
581 383 147284 53.59 2002.55 27250.03 188.55 62.71 0
582 324 147608 43.34 1659.28 22930.27 138.42 50.48 300
583 73 147681 13.53 291.12 3225.57 38.79 23.23 300
584 153 147834 20.92 718.40 9563.04 69.01 29.17 400
585 138 147972 19.31 631.13 8229.78 66.36 39.75 200
586 384 148356 54.87 2002.20 27153.16 180.58 78.52 300
587 288 148644 55.26 1464.98 18147.19 134.57 67.91 700
588 382 149026 65.78 2001.71 25908.41 180.60 78.07 200
589 382 149408 50.35 2001.39 27514.32 178.30 52.44 0
590 382 149790 47.10 2004.67 28064.50 171.27 59.90 0
