0 67 67 11.89 116.82 1137.75 12.66 35.76 300
1 134 201 15.76 353.55 4846.23 27.94 19.18 400
2 146 347 26.33 469.65 5852.74 27.91 27.52 600
3 68 415 8.74 131.50 1654.48 12.39 6.28 400
4 84 499 12.57 206.64 2613.57 18.06 13.36 500
5 80 579 15.83 208.29 1980.75 26.80 20.82 600
6 77 656 55.22 357.99 300.97 65.30 57.92 5100
7 76 732 56.21 349.96 91.55 68.50 60.29 5300
8 75 807 60.73 341.86 -684.06 67.85 66.54 5600
9 63 870 47.73 277.15 -163.88 58.55 50.70 4800
10 74 944 51.11 337.27 301.43 65.05 61.66 4300
11 69 1013 50.93 308.63 0.79 59.65 51.31 4700
12 83 1096 10.48 153.56 1982.93 21.13 9.60 300
13 72 1168 14.95 299.39 3422.84 16.35 17.16 300
14 65 1233 23.06 288.08 2443.53 23.36 23.11 700
15 79 1312 17.76 363.94 4245.22 22.62 15.60 300
16 79 1391 13.64 357.87 4288.82 21.55 20.11 300
17 249 1640 74.07 1285.69 12770.26 81.52 71.60 2700
18 132 1772 38.23 643.86 5759.96 44.79 60.12 1100
19 357 2129 104.48 1890.98 19752.43 102.18 79.37 4600
20 81 2210 15.70 372.08 4516.70 23.47 19.21 500
21 91 2301 24.69 428.61 4521.27 29.72 24.79 900
22 367 2668 81.60 1953.73 23443.75 113.25 87.06 2100
23 375 3043 56.03 2003.02 26823.33 123.18 68.85 300
24 270 3313 37.48 1423.62 19486.09 91.25 54.77 300
25 199 3512 30.99 1031.04 13502.91 74.28 50.28 400
26 143 3655 23.61 721.74 9255.68 58.66 36.42 500
27 375 4030 44.08 2003.47 28328.08 126.25 73.09 0
28 375 4405 59.32 2003.71 26650.01 131.02 88.47 600
29 338 4743 52.75 1774.05 23423.09 131.21 76.34 800
30 305 5048 47.74 1595.95 21062.36 121.81 64.25 500
31 68 5116 11.99 279.39 3260.30 28.53 20.38 400
32 362 5478 55.85 1908.47 25492.59 145.70 75.67 300
33 380 5858 53.34 2000.95 27240.09 154.74 65.62 0
34 63 5921 12.82 233.30 2477.53 29.71 18.05 500
35 350 6271 57.15 1822.84 23983.26 139.16 76.51 500
36 86 6357 16.06 382.48 4654.10 29.99 17.80 300
37 74 6431 15.57 321.88 3566.38 34.02 25.34 400
38 380 6811 52.71 2004.32 27683.84 143.61 58.68 0
39 42 6853 10.25 149.05 1423.69 16.42 15.75 400
40 378 7231 65.65 2005.23 26328.09 148.34 73.58 700
41 333 7564 59.72 1750.24 22274.33 140.48 81.48 1100
42 380 7944 52.19 2004.18 27390.48 166.56 68.31 0
43 378 8322 44.25 2001.34 28310.89 153.87 74.56 0
44 143 8465 24.11 707.75 8964.91 61.63 42.53 300
45 379 8844 51.70 2000.51 27903.57 136.05 59.19 0
46 350 9194 45.11 1846.73 25338.50 155.81 85.34 300
47 90 9284 17.08 400.88 4701.36 41.56 28.53 300
48 381 9665 52.45 2002.22 27566.25 148.50 65.63 0
49 108 9773 18.11 516.20 6541.57 49.02 22.83 300
50 281 10054 42.57 1465.67 19504.40 117.44 56.30 400
51 353 10407 52.38 1850.98 24579.10 163.05 81.32 900
52 197 10604 24.77 1000.72 13720.28 81.67 43.15 300
53 88 10692 11.92 397.00 5266.79 36.48 23.91 300
54 378 11070 52.70 2004.03 26968.01 178.03 77.86 0
55 243 11313 30.86 1245.55 16976.64 107.94 47.01 500
56 150 11463 34.61 732.72 7997.53 79.69 57.18 1200
57 153 11616 19.90 754.80 10197.92 65.00 44.15 300
58 377 11993 47.40 2004.22 27770.81 166.21 60.47 0
59 379 12372 63.18 1995.36 25434.65 179.87 108.73 1400
60 378 12750 58.84 2001.92 26146.38 176.71 84.42 900
61 379 13129 44.79 2001.71 28147.82 159.65 62.05 0
62 322 13451 50.93 1674.52 22089.47 137.25 54.89 500
63 98 13549 11.73 446.64 5989.56 43.77 29.36 300
64 297 13846 40.12 1543.54 21074.28 125.64 60.48 300
65 352 14198 51.69 1839.07 24357.46 151.97 86.59 800
66 377 14575 45.92 2001.80 28177.26 144.12 63.63 0
67 378 14953 48.84 2003.91 27818.46 152.43 58.93 0
68 128 15081 22.27 579.45 7203.97 55.26 33.29 300
69 219 15300 30.14 1115.15 15077.51 82.78 44.06 300
70 168 15468 24.74 829.96 11048.77 63.17 34.03 300
71 45 15513 7.34 167.04 1836.70 22.82 13.05 300
72 379 15892 50.39 2000.14 27758.69 149.34 74.31 0
73 384 16276 53.46 2003.86 27360.19 156.00 74.88 0
74 380 16656 53.53 2002.23 27164.99 159.22 74.55 0
75 93 16749 10.80 433.42 5951.78 36.45 23.22 200
76 82 16831 10.15 365.08 4986.57 28.81 20.50 200
77 377 17208 46.19 2001.79 28351.24 129.56 66.75 0
78 376 17584 46.39 2000.78 28203.86 138.65 60.43 0
79 256 17840 35.09 1333.43 18114.58 105.88 51.26 300
80 380 18220 51.97 2002.69 27587.57 144.82 58.41 0
81 108 18328 14.54 514.22 6821.43 45.40 32.95 300
82 184 18512 21.89 930.09 12911.27 76.21 46.34 300
83 294 18806 46.16 1547.61 20430.53 115.24 72.42 400
84 137 18943 20.83 688.15 8891.86 61.37 44.56 400
85 77 19020 10.58 351.33 4586.15 30.99 24.17 200
86 295 19315 46.11 1547.17 20391.12 120.14 64.54 400
87 376 19691 47.01 2000.98 28181.85 135.42 71.48 0
88 211 19902 32.26 1084.95 14381.22 80.30 40.77 300
89 169 20071 29.60 854.36 10738.06 77.89 39.68 300
90 84 20155 13.28 389.53 4969.25 31.97 19.29 500
91 377 20532 48.97 2004.27 27683.80 160.72 84.15 0
92 237 20769 32.91 1241.53 17158.84 81.74 50.96 300
93 365 21134 48.73 1941.94 26961.76 132.18 64.02 200
94 375 21509 49.62 2000.73 28131.03 129.40 66.18 0
95 377 21886 50.08 2003.53 27696.32 140.98 66.61 200
96 73 21959 11.30 327.90 4135.02 30.64 22.83 400
97 376 22335 38.47 2000.53 29006.09 137.14 61.35 0
98 222 22557 30.93 1154.21 15678.55 82.21 40.20 400
99 376 22933 50.99 2003.24 27568.55 149.52 69.64 0
100 377 23310 48.51 2003.44 27908.92 149.75 87.43 0
101 376 23686 39.22 2000.37 29031.04 130.82 51.05 0
102 319 24005 41.32 1680.95 23109.53 130.05 70.01 500
103 381 24386 45.76 2005.44 28089.13 155.73 71.91 0
104 377 24763 41.16 2002.32 28949.06 129.25 57.87 0
105 377 25140 51.64 2000.19 27320.03 151.88 72.34 0
106 376 25516 50.08 1987.19 27186.86 156.62 89.31 400
107 249 25765 33.78 1303.84 17922.64 82.64 38.41 300
108 86 25851 11.50 397.40 5187.70 38.21 24.53 300
109 376 26227 59.32 2001.20 26808.75 138.45 79.19 800
110 296 26523 50.93 1546.49 19835.00 124.63 67.03 1400
111 375 26898 46.33 2000.49 28188.67 129.53 64.57 0
112 375 27273 40.77 2002.37 28787.47 142.06 57.45 0
113 374 27647 42.48 2000.90 28610.53 134.91 52.32 0
114 375 28022 38.99 2003.98 28768.31 151.69 68.29 0
115 168 28190 20.67 852.66 11863.63 66.17 32.79 300
116 79 28269 10.54 362.29 4764.44 35.23 23.89 300
117 85 28354 13.08 398.52 5026.43 36.42 19.61 400
118 379 28733 66.43 2005.21 25507.95 172.61 91.53 900
119 123 28856 16.51 602.05 7973.71 56.31 35.22 300
120 92 28948 11.54 435.68 5869.12 35.19 28.05 300
121 376 29324 39.42 2005.38 29032.07 134.38 71.25 500
122 175 29499 17.69 890.01 12598.91 68.57 29.95 200
123 79 29578 11.50 362.30 4673.73 33.40 23.12 300
124 88 29666 11.28 407.73 5437.53 36.91 21.00 400
125 375 30041 34.89 2003.98 29615.40 123.24 50.74 0
126 241 30282 33.27 1246.84 16840.74 96.54 54.82 700
127 175 30457 21.93 891.82 12238.01 72.31 38.98 300
128 202 30659 23.54 1040.11 14417.74 83.18 49.35 300
129 374 31033 42.59 2001.22 28397.50 139.89 57.12 0
130 46 31079 9.90 174.53 1599.83 26.19 17.32 300
131 377 31456 41.03 2004.36 28807.85 136.03 79.84 100
132 118 31574 14.46 568.21 7717.10 47.77 34.35 300
133 375 31949 35.00 2005.41 29452.65 124.26 47.04 0
134 214 32163 22.64 1112.21 15928.02 75.06 39.54 300
135 87 32250 10.39 409.35 5481.90 37.93 23.49 300
136 362 32612 44.48 1919.44 26944.74 133.27 73.40 200
137 348 32960 38.16 1841.09 26235.46 134.75 65.87 200
138 375 33335 35.16 2002.81 29395.69 127.96 48.15 0
139 86 33421 11.12 393.66 5154.70 36.68 27.59 200
140 84 33505 11.67 387.67 5052.47 38.60 22.72 300
141 376 33881 49.32 2004.09 27785.36 143.70 79.71 0
142 375 34256 39.26 2003.34 28766.07 143.87 70.70 0
143 376 34632 49.51 2000.99 27451.67 158.54 81.01 900
144 325 34957 41.70 1714.18 23498.87 131.17 70.03 300
145 340 35297 41.34 1808.90 25093.75 148.90 73.44 300
146 83 35380 15.31 385.72 4639.22 38.53 27.90 300
147 80 35460 13.10 366.99 4589.09 34.83 23.24 300
148 376 35836 39.56 2004.40 28795.94 137.76 56.26 0
149 266 36102 34.34 1394.19 19003.78 114.00 61.15 200
150 334 36436 42.13 1760.31 24398.25 131.65 61.18 300
151 376 36812 47.69 2003.67 27852.85 151.05 64.51 0
152 168 36980 23.68 856.30 11486.30 66.59 35.14 300
153 81 37061 12.37 356.93 4483.67 39.77 25.98 200
154 377 37438 53.86 2000.51 27153.58 152.82 66.28 800
155 378 37816 55.25 2005.47 27163.41 137.75 75.18 700
156 183 37999 25.16 930.92 12521.53 76.79 35.12 300
157 79 38078 12.31 361.00 4567.85 36.53 21.75 200
158 211 38289 33.18 1091.36 14335.78 82.46 40.67 600
159 376 38665 44.00 2003.39 28469.59 138.90 55.46 0
160 375 39040 43.40 2001.14 28368.94 136.53 47.63 200
161 377 39417 44.98 2002.76 28370.42 133.20 52.04 0
162 226 39643 29.29 1167.99 15936.49 95.87 54.14 300
163 351 39994 55.99 1862.62 24284.61 151.93 91.95 900
164 377 40371 39.85 2004.27 29049.92 131.06 59.83 0
165 121 40492 14.66 596.20 8134.46 49.80 30.90 200
166 150 40642 21.36 755.19 10031.03 62.23 39.43 300
167 375 41017 41.05 2004.15 28625.23 142.83 69.89 0
168 83 41100 12.70 382.18 4919.04 37.38 21.66 300
169 84 41184 11.08 386.98 5165.17 32.14 21.17 300
170 157 41341 20.61 792.54 10494.50 78.49 44.39 300
171 224 41565 28.84 1157.99 15819.68 98.77 54.55 400
172 377 41942 58.73 2004.51 26565.15 158.25 83.98 1100
173 376 42318 51.61 2001.83 27258.92 155.75 75.93 700
174 378 42696 43.76 2001.39 28144.40 149.07 64.51 0
175 378 43074 62.63 2001.52 26140.14 164.97 86.46 1700
176 141 43215 27.28 696.00 8448.39 63.08 45.14 500
177 85 43300 14.22 386.28 4816.52 36.73 23.08 300
178 143 43443 19.19 713.31 9593.17 65.96 40.08 200
179 154 43597 22.73 750.89 9850.06 60.65 32.66 300
180 380 43977 44.06 2003.49 28582.91 132.82 63.73 0
181 377 44354 45.51 2005.32 28351.39 134.53 59.22 0
182 114 44468 13.43 542.32 7308.92 51.76 34.43 300
183 137 44605 16.28 680.37 9340.36 59.33 26.49 200
184 379 44984 39.06 2004.78 28923.86 138.38 52.66 0
185 231 45215 27.72 1190.55 16391.68 95.18 52.44 300
186 62 45277 8.20 266.95 3481.57 27.96 19.06 300
187 376 45653 42.10 2003.26 28679.22 143.29 51.88 0
188 354 46007 40.53 1878.62 26795.00 120.89 55.85 300
189 301 46308 40.81 1581.78 21495.86 119.12 61.15 300
190 378 46686 39.31 2000.82 28796.30 143.09 64.73 0
191 261 46947 33.46 1361.03 18766.64 105.94 45.93 200
192 315 47262 44.97 1646.55 21882.51 145.38 84.38 300
193 216 47478 20.43 1118.26 16326.73 73.73 33.93 200
194 377 47855 36.77 2001.34 28954.55 153.60 63.05 0
195 162 48017 20.26 813.10 11020.95 73.74 43.19 300
196 224 48241 25.90 1160.09 16259.46 89.21 49.87 200
197 334 48575 41.75 1761.25 24672.89 117.77 61.08 300
198 161 48736 23.00 813.76 10760.88 69.20 43.08 300
199 378 49114 44.51 2004.51 28495.81 145.83 60.04 0
200 39 49153 7.99 125.48 1114.56 20.20 18.51 300
201 378 49531 53.49 2005.28 27050.14 156.65 82.95 600
202 296 49827 37.16 1557.22 21618.94 114.84 52.33 400
203 376 50203 43.96 2003.10 28241.88 159.00 58.32 0
204 307 50510 42.29 1619.28 21606.38 148.64 72.97 400
205 376 50886 48.94 2000.60 27490.85 165.64 71.74 100
206 166 51052 20.49 839.83 11562.24 69.61 36.62 200
207 376 51428 44.29 2004.12 28384.82 142.46 52.91 300
208 375 51803 41.50 2003.71 28418.93 154.94 62.84 100
209 276 52079 55.88 1436.83 17220.91 115.41 86.59 1700
210 166 52245 23.36 837.20 11409.55 55.54 30.80 200
211 82 52327 13.86 377.48 4650.98 40.73 27.46 400
212 72 52399 11.26 324.87 4051.87 30.45 20.05 300
213 202 52601 27.59 1043.72 14127.91 86.29 50.62 200
214 208 52809 28.95 1070.36 14375.53 94.61 53.53 200
215 376 53185 57.15 2001.19 26906.99 140.73 56.44 1400
216 378 53563 46.91 2003.92 27974.59 151.28 59.88 0
217 360 53923 44.51 1910.92 26830.98 129.66 60.44 400
218 274 54197 36.73 1439.31 19848.90 96.46 54.72 300
219 376 54573 40.94 2004.22 28807.90 139.16 53.54 0
220 248 54821 28.51 1289.97 18125.76 97.21 49.12 200
221 377 55198 46.77 2002.07 28078.61 146.32 60.30 0
222 376 55574 40.13 2002.27 28834.11 140.04 60.01 0
223 376 55950 45.87 2003.37 28200.29 146.48 64.17 0
224 182 56132 27.94 934.56 12054.77 81.69 47.94 500
225 154 56286 24.66 776.63 10025.28 69.32 39.38 200
226 376 56662 51.72 2000.48 27429.36 158.67 75.06 300
227 67 56729 11.85 297.27 3479.62 33.86 17.05 400
228 74 56803 14.36 335.31 3916.78 34.00 27.56 200
229 377 57180 47.06 2004.63 28270.08 137.95 49.25 0
230 152 57332 22.13 762.08 10073.36 64.32 33.27 300
231 375 57707 46.43 2003.00 28083.71 148.22 68.98 0
232 50 57757 8.56 201.92 2253.28 26.40 20.37 300
233 376 58133 50.02 2001.06 27685.98 146.73 63.56 0
234 37 58170 7.03 112.15 1042.74 22.47 23.27 300
235 377 58547 51.40 1983.30 26993.80 155.91 70.76 400
236 356 58903 46.98 1892.27 25727.31 161.46 84.57 600
237 376 59279 47.38 2002.53 27991.01 144.74 61.28 0
238 376 59655 44.79 2002.60 28171.27 163.21 78.26 0
239 377 60032 51.64 2002.32 27407.77 156.92 69.44 0
240 378 60410 58.56 2002.92 26605.10 164.30 90.91 900
241 145 60555 34.40 719.47 7935.05 70.19 56.92 1200
242 376 60931 50.05 2001.35 27811.44 140.89 65.61 100
243 122 61053 25.89 598.24 6869.89 65.52 48.31 600
244 149 61202 20.25 751.32 10069.73 70.13 35.58 200
245 153 61355 20.85 769.34 10240.07 71.19 39.07 200
246 206 61561 28.61 1066.04 14420.57 91.29 52.55 200
247 84 61645 12.02 383.41 4985.33 37.56 23.88 300
248 377 62022 45.39 2005.61 28270.58 147.85 53.04 0
249 376 62398 40.44 2001.00 29075.13 131.02 52.08 0
250 41 62439 7.91 154.87 1587.24 22.15 16.93 300
251 47 62486 8.05 185.22 2145.40 22.83 20.01 300
252 284 62770 40.08 1484.56 20137.72 107.34 57.36 200
253 376 63146 45.60 2004.78 28423.43 140.54 58.71 0
254 184 63330 23.08 942.81 12851.67 82.13 51.16 200
255 377 63707 39.16 2002.27 29037.62 141.10 50.82 0
256 375 64082 39.30 2001.53 28958.74 146.53 49.59 0
257 375 64457 38.75 2000.68 29169.31 132.40 44.23 0
258 150 64607 17.75 753.62 10419.78 66.09 36.19 200
259 376 64983 41.09 2001.21 28681.25 146.92 53.06 0
260 376 65359 43.81 2004.15 28437.27 141.28 62.49 0
261 45 65404 7.83 168.21 1792.59 21.97 15.43 300
262 208 65612 33.52 1069.43 13771.07 90.21 58.00 700
263 92 65704 13.38 433.35 5527.69 44.20 31.29 300
264 376 66080 45.44 2000.44 28126.89 156.99 63.48 0
265 121 66201 21.27 588.79 7437.79 49.49 26.20 800
266 261 66462 39.54 1357.72 18313.17 110.17 47.86 1300
267 136 66598 16.61 673.26 9251.21 52.79 31.46 300
268 376 66974 33.98 2003.69 29705.38 131.65 40.86 0
269 352 67326 43.13 1868.87 26327.19 140.47 58.53 400
270 89 67415 15.98 412.44 5102.13 39.15 21.00 700
271 377 67792 39.91 2004.81 29088.35 139.98 48.44 0
272 379 68171 48.72 2005.07 27774.02 159.70 61.05 0
273 246 68417 28.87 1280.77 17895.15 104.04 45.50 400
274 92 68509 15.17 415.96 4951.05 48.09 29.77 200
275 377 68886 42.23 2000.99 28489.44 151.11 61.06 0
276 378 69264 55.34 2001.23 26893.36 149.07 59.23 800
277 378 69642 56.85 2002.61 26931.54 149.43 73.37 1000
278 377 70019 41.09 2000.06 28485.71 155.99 59.48 0
279 135 70154 19.75 664.34 8802.21 59.16 30.47 400
280 91 70245 13.58 416.81 5446.19 39.08 18.70 500
281 378 70623 42.70 2004.34 28677.16 152.40 63.78 0
282 163 70786 28.83 804.92 9910.83 81.76 42.11 900
283 381 71167 49.49 2001.51 27376.87 166.16 75.52 800
284 43 71210 8.49 145.91 1408.44 23.38 15.90 200
285 277 71487 35.72 1443.52 20218.11 105.36 46.91 500
286 379 71866 46.04 2001.10 28063.28 157.93 60.69 0
287 380 72246 36.56 2004.04 29281.21 153.66 51.73 0
288 298 72544 38.40 1550.96 21410.43 126.20 48.21 400
289 71 72615 9.92 296.89 3797.52 36.81 18.13 300
290 272 72887 38.65 1413.55 19180.82 109.11 50.30 400
291 377 73264 37.44 2000.70 28884.86 156.29 56.89 300
292 376 73640 54.09 1990.47 26999.79 154.05 50.83 700
293 377 74017 41.16 2002.08 28675.98 154.38 48.69 0
294 122 74139 20.63 588.53 7336.71 52.65 29.03 600
295 379 74518 67.91 2002.50 25415.84 165.92 92.81 1300
296 377 74895 42.69 2005.30 28125.97 178.95 67.55 0
297 378 75273 46.31 2000.76 28296.98 148.53 52.80 0
298 338 75611 43.82 1773.64 24746.08 137.05 52.67 300
299 377 75988 52.79 2003.52 27282.57 163.41 79.97 900
300 379 76367 53.02 2002.13 27212.69 165.70 69.93 600
301 379 76746 56.22 2003.64 26754.33 168.47 74.43 600
302 169 76915 26.02 863.45 11416.25 78.40 37.78 300
303 155 77070 21.02 771.13 10314.26 72.77 36.27 200
304 293 77363 45.62 1531.46 20268.82 129.46 65.06 600
305 76 77439 15.16 336.96 3784.67 43.55 27.20 300
306 367 77806 74.28 1927.68 23883.33 168.45 71.38 2400
307 82 77888 16.66 371.00 4272.66 41.73 22.37 600
308 154 78042 24.05 779.01 10195.17 63.35 29.37 500
309 335 78377 54.37 1764.00 23200.22 150.44 73.47 300
310 225 78602 37.67 1157.55 14944.78 98.03 54.89 800
311 330 78932 46.59 1744.43 23712.06 141.07 67.61 400
312 376 79308 45.89 2000.89 28375.91 152.21 56.22 0
313 221 79529 29.87 1143.90 15626.77 89.97 45.89 400
314 377 79906 55.70 2004.50 26750.36 174.90 70.86 800
315 379 80285 57.08 2004.28 26949.76 159.55 62.16 0
316 315 80600 80.42 1630.38 17689.48 169.15 118.38 2400
317 160 80760 39.32 810.23 8917.96 84.57 51.91 1300
318 376 81136 50.73 2002.71 27570.25 148.72 62.16 0
319 53 81189 9.92 221.34 2480.74 25.99 23.19 300
320 297 81486 55.84 1560.96 19856.86 132.01 68.76 1500
321 124 81610 22.86 610.34 7539.55 55.52 32.27 300
322 166 81776 27.58 839.74 10749.04 72.05 33.91 400
323 377 82153 47.46 2005.18 27631.42 174.90 63.07 0
324 164 82317 23.61 825.80 11042.18 71.12 31.40 400
325 330 82647 54.37 1737.01 22782.44 145.22 67.13 400
326 273 82920 37.96 1430.14 19385.72 123.36 66.54 200
327 375 83295 38.45 2003.63 29030.79 147.77 45.97 0
328 376 83671 45.12 2002.78 28264.43 146.11 49.92 0
329 167 83838 25.74 840.56 11021.40 79.00 40.45 500
330 158 83996 23.46 796.95 10299.88 78.03 35.63 200
331 380 84376 57.53 2002.37 26750.63 173.48 77.34 200
332 356 84732 62.55 1879.93 23917.72 159.55 79.58 1400
333 377 85109 67.94 2003.19 25571.17 171.23 90.09 600
334 42 85151 10.98 157.91 1398.19 21.19 16.12 500
335 315 85466 47.21 1658.73 22032.64 148.29 72.08 300
336 376 85842 46.36 2001.58 28153.75 152.46 62.61 700
337 369 86211 56.31 1961.46 26081.95 165.14 78.09 300
338 306 86517 43.38 1602.72 21846.85 127.78 45.37 400
339 383 86900 58.56 2003.79 26693.68 178.84 69.36 0
340 70 86970 10.15 309.33 3951.73 34.52 18.34 300
341 379 87349 52.93 2001.86 27345.82 161.89 70.10 1100
342 377 87726 46.33 2000.57 27803.00 167.26 62.21 0
343 91 87817 16.22 429.61 5401.19 40.58 23.80 500
344 378 88195 41.71 2003.91 28702.84 148.73 47.42 0
345 376 88571 45.75 2001.86 28292.46 152.62 52.90 0
346 377 88948 47.29 2003.15 28048.61 159.16 48.72 0
347 98 89046 15.96 462.59 5789.46 46.99 30.00 300
348 94 89140 14.44 441.60 5728.90 38.41 24.31 400
349 377 89517 50.51 2004.79 27528.36 160.79 83.17 500
350 56 89573 9.13 232.28 2753.60 29.01 18.74 400
351 164 89737 22.78 830.09 10967.20 83.09 37.01 300
352 80 89817 9.61 370.95 5021.50 35.06 19.76 300
353 302 90119 46.05 1584.23 21369.63 121.03 50.43 300
354 378 90497 52.80 2005.12 27214.71 171.08 65.12 0
355 378 90875 40.86 2004.45 28885.26 141.27 57.31 0
356 87 90962 14.43 403.58 4875.68 48.70 33.59 300
357 376 91338 40.87 2004.92 28752.85 156.11 51.37 0
358 65 91403 11.84 281.20 3185.70 36.72 21.76 300
359 77 91480 10.72 344.72 4531.08 28.93 22.60 400
360 156 91636 19.39 791.03 10856.79 65.27 30.21 400
361 156 91792 19.66 794.30 10934.03 68.76 35.02 400
362 205 91997 31.04 1054.15 13810.15 88.79 39.10 700
363 287 92284 37.63 1509.28 20625.84 125.62 74.00 600
364 378 92662 55.18 2003.18 26603.08 179.91 85.62 600
365 377 93039 48.92 2004.04 27838.82 162.48 66.63 600
366 365 93404 46.90 1935.04 26665.39 153.49 61.78 400
367 374 93778 33.52 2002.54 29696.72 137.85 63.65 0
368 375 94153 42.10 2005.42 28805.32 138.33 53.96 100
369 374 94527 40.00 2005.43 28825.91 147.57 59.85 0
370 375 94902 41.83 2002.38 28675.18 146.62 57.47 0
371 152 95054 19.66 765.46 10414.08 63.35 28.01 400
372 375 95429 39.09 2003.30 29033.59 141.89 54.81 0
373 91 95520 14.82 423.74 5437.24 36.53 23.27 300
374 300 95820 50.06 1575.55 20440.93 122.92 63.17 1500
375 380 96200 59.10 2002.72 26835.49 147.86 66.97 900
376 116 96316 20.38 566.10 7065.99 45.78 23.78 900
377 239 96555 42.75 1235.85 15865.83 107.35 60.26 400
378 367 96922 60.41 1950.34 25361.39 169.95 80.38 1200
379 310 97232 36.01 1637.18 23263.61 116.91 51.13 200
380 80 97312 13.16 364.34 4392.72 39.48 28.07 300
381 170 97482 24.02 868.88 11782.56 68.88 32.79 400
382 161 97643 26.02 816.73 10586.38 70.49 42.61 800
383 376 98019 54.80 2004.81 26854.39 160.36 58.21 1000
384 377 98396 58.57 2003.59 26624.58 161.78 88.86 900
385 311 98707 35.48 1647.60 23460.99 113.58 46.87 300
386 138 98845 19.77 687.13 9009.37 64.01 33.14 200
387 146 98991 18.67 735.34 10051.71 57.01 27.22 300
388 375 99366 38.21 2003.37 29372.76 131.16 47.70 0
389 41 99407 8.93 142.88 1320.64 24.63 18.87 300
390 374 99781 45.05 2001.96 28070.27 161.14 65.07 0
391 115 99896 16.95 562.65 7368.02 55.64 21.32 400
392 222 100118 30.27 1162.57 16064.57 84.85 44.66 300
393 375 100493 38.57 2003.59 29146.76 129.06 50.58 0
394 375 100868 49.59 2000.86 27551.55 155.20 53.54 200
395 376 101244 57.09 2004.26 26709.30 165.91 66.97 500
396 101 101345 19.36 478.93 5620.34 47.79 22.15 1000
397 140 101485 21.73 699.34 9141.28 62.73 30.51 800
398 378 101863 73.24 2005.09 25089.30 184.10 98.25 2700
399 374 102237 35.15 2003.07 29187.07 153.16 60.64 0
400 375 102612 47.38 2002.36 27824.07 155.48 60.74 300
401 376 102988 51.27 2003.94 27593.91 152.16 51.46 600
402 286 103274 40.97 1501.03 20062.28 129.69 55.66 1000
403 376 103650 56.36 2001.01 26606.03 161.45 65.08 800
404 162 103812 19.14 821.83 11379.03 70.88 34.20 200
405 326 104138 41.94 1728.20 23708.08 140.50 67.42 400
406 321 104459 48.59 1698.26 22647.51 136.40 61.58 400
407 377 104836 52.04 2004.81 27619.72 150.39 57.96 400
408 185 105021 27.32 948.79 12360.93 83.37 44.18 800
409 77 105098 11.09 352.39 4359.11 38.97 23.41 600
410 84 105182 8.68 393.15 5520.60 37.67 19.86 200
411 87 105269 15.35 407.36 4858.43 43.85 23.99 500
412 215 105484 37.83 1111.42 14019.66 103.21 48.54 1300
413 377 105861 60.58 2003.69 26109.76 169.29 74.54 1200
414 145 106006 21.18 720.67 9341.04 72.36 37.95 300
415 377 106383 52.92 2004.46 27549.07 151.01 65.65 700
416 165 106548 23.21 835.65 11189.48 71.05 29.89 200
417 185 106733 30.17 947.77 12118.38 84.80 47.24 900
418 156 106889 35.23 776.94 8798.41 76.05 43.96 1300
419 212 107101 35.43 1093.20 13876.88 99.72 46.86 600
420 349 107450 53.82 1846.85 24798.72 148.10 64.65 1200
421 137 107587 21.52 680.95 8845.74 59.31 38.86 200
422 189 107776 33.42 956.98 12105.06 82.88 29.63 1000
423 79 107855 15.50 356.50 3982.37 43.49 20.77 500
424 378 108233 60.84 2005.04 26082.84 167.89 81.78 1600
425 297 108530 55.46 1561.34 19775.90 127.48 59.13 1600
426 86 108616 16.07 398.95 4578.78 51.35 30.28 800
427 377 108993 55.75 2005.00 26959.59 164.63 64.38 600
428 376 109369 56.55 2000.88 26511.95 174.93 71.10 300
429 95 109464 16.99 439.99 5344.29 50.32 20.16 400
430 366 109830 59.20 1935.97 25294.30 164.42 75.31 1100
431 53 109883 12.89 210.16 1766.84 31.74 20.58 700
432 376 110259 47.95 2002.53 28024.94 150.35 50.50 0
433 377 110636 61.97 2005.57 26278.68 164.30 61.17 1300
434 376 111012 57.61 2001.55 27095.23 153.55 59.96 600
435 228 111240 29.32 1189.16 16272.32 99.64 48.03 300
436 209 111449 34.52 1082.22 13928.15 101.04 54.60 300
437 297 111746 77.44 1557.42 16766.77 142.60 80.96 3600
438 375 112121 41.68 2000.25 28476.12 159.19 55.36 0
439 90 112211 13.18 419.24 5433.12 43.81 14.43 300
440 209 112420 26.77 1080.09 14941.95 88.75 33.59 400
441 227 112647 33.03 1180.92 15849.03 102.45 34.69 400
442 150 112797 32.68 755.38 8484.00 76.71 45.14 1200
443 159 112956 23.86 800.00 10444.32 73.25 26.30 300
444 142 113098 19.78 713.92 9647.75 56.21 25.75 400
445 97 113195 11.66 461.95 6282.14 47.83 26.37 200
446 376 113571 46.68 2000.76 27840.68 163.95 53.87 400
447 202 113773 26.38 1041.09 14244.08 95.77 39.38 300
448 177 113950 21.57 904.86 12529.09 81.90 37.84 200
449 374 114324 36.72 2001.26 29146.09 141.08 46.06 0
450 301 114625 48.45 1578.69 20427.57 146.48 61.16 1000
451 375 115000 51.00 2003.32 27225.56 170.66 63.92 400
452 92 115092 11.93 429.87 5706.05 46.59 25.57 300
453 338 115430 50.74 1791.55 24064.85 145.03 54.46 1100
454 83 115513 11.99 386.62 5013.39 38.88 17.37 400
455 376 115889 40.52 2004.78 28379.44 173.98 61.55 0
456 186 116075 25.03 948.67 12829.42 78.88 27.58 600
457 378 116453 49.18 2002.01 27911.30 159.56 55.12 700
458 119 116572 13.27 581.33 8066.45 53.36 23.74 200
459 84 116656 10.24 392.31 5187.13 46.49 27.55 300
460 89 116745 12.71 417.35 5340.54 49.75 27.02 300
461 378 117123 53.38 2000.06 27618.97 150.01 50.35 1000
462 375 117498 35.36 2001.04 29308.43 149.82 49.52 0
463 376 117874 46.93 2002.43 27646.47 172.45 71.51 0
464 376 118250 49.59 2003.64 27483.08 171.37 68.83 0
465 217 118467 32.66 1114.81 14666.63 105.50 46.93 400
466 78 118545 13.26 352.48 4271.26 40.71 26.29 300
467 164 118709 20.13 829.30 11511.40 69.38 37.77 200
468 376 119085 64.67 2000.32 25787.96 174.31 83.67 1100
469 126 119211 21.02 615.65 7738.52 58.98 26.92 900
470 375 119586 54.07 2001.83 26778.67 179.44 89.33 700
471 163 119749 20.27 827.37 11262.57 77.11 36.49 200
472 376 120125 43.34 2004.93 28681.18 145.61 46.79 0
473 300 120425 38.46 1583.12 21767.74 129.96 58.48 700
474 142 120567 19.10 715.23 9612.69 63.12 33.49 300
475 204 120771 27.46 1044.81 14268.65 89.29 41.23 600
476 171 120942 23.78 872.53 11646.80 86.85 42.38 300
477 81 121023 13.76 364.96 4493.22 42.16 23.36 200
478 164 121187 22.60 824.76 11060.16 77.49 42.78 300
479 385 121572 80.24 2003.36 24180.21 180.85 79.69 3200
480 33 121605 8.84 96.69 667.54 19.61 13.35 400
481 340 121945 36.03 1802.40 25845.10 143.30 55.69 300
482 376 122321 43.26 2001.13 28085.51 167.57 63.05 0
483 258 122579 44.93 1346.90 17216.41 119.26 69.27 1800
484 376 122955 40.61 2002.71 28170.26 184.37 72.86 0
485 375 123330 38.28 2000.40 28925.62 158.66 50.67 0
486 175 123505 25.40 882.99 11515.79 87.38 44.47 300
487 376 123881 45.40 2003.92 28054.78 167.73 64.49 0
488 378 124259 55.22 2002.82 26841.09 177.49 68.09 600
489 379 124638 83.53 2000.62 23708.62 195.82 106.77 1900
490 76 124714 10.56 337.06 4420.21 37.91 24.84 200
491 161 124875 23.39 811.51 10649.26 81.41 42.05 300
492 92 124967 19.67 416.83 4593.20 47.96 34.75 800
493 375 125342 43.14 2000.92 28393.12 153.63 49.17 400
494 36 125378 9.48 126.31 990.37 25.40 22.10 300
495 57 125435 12.07 234.20 2424.51 33.66 30.19 300
496 129 125564 17.48 630.26 8334.05 63.29 28.23 200
497 377 125941 48.75 2002.19 27718.41 165.22 55.19 500
498 122 126063 28.13 589.20 6560.45 62.67 43.73 1300
499 376 126439 43.39 2000.72 28521.17 144.69 47.41 500
500 280 126719 59.85 1457.28 17500.66 137.02 74.28 1800
501 127 126846 23.18 615.90 7574.53 66.67 37.45 400
502 139 126985 14.22 693.48 9784.42 63.97 32.50 300
503 222 127207 28.53 1149.43 15576.68 101.92 56.54 300
504 267 127474 40.35 1391.11 18387.57 128.35 65.91 700
505 75 127549 11.01 337.64 4417.55 33.04 19.64 300
506 91 127640 14.13 416.09 5168.93 47.63 34.50 300
507 376 128016 46.99 2000.21 27821.66 150.99 79.11 500
508 377 128393 58.77 2000.43 26555.46 168.51 74.23 500
509 213 128606 26.55 1101.71 15240.23 92.65 38.59 200
510 144 128750 19.24 711.17 9600.26 65.47 26.74 600
511 72 128822 20.38 285.18 2292.06 45.92 29.05 400
512 377 129199 38.74 2003.42 28968.20 156.18 62.99 0
513 379 129578 67.02 2004.49 25902.49 160.85 72.21 2400
514 233 129811 45.22 1197.28 14495.05 113.78 53.42 1500
515 197 130008 28.14 1012.09 13311.85 97.16 51.39 700
516 376 130384 41.81 2003.89 28554.97 152.35 51.04 400
517 242 130626 36.07 1256.82 16702.08 104.55 51.22 200
518 379 131005 57.09 2005.22 26592.59 178.95 77.76 600
519 193 131198 25.27 987.79 13322.59 93.10 47.27 300
520 81 131279 10.26 373.49 4996.45 38.70 22.26 300
521 376 131655 41.97 2000.79 28610.41 151.08 52.49 800
522 376 132031 37.07 2001.18 29001.64 151.31 54.67 0
523 110 132141 17.70 527.88 6620.23 52.31 33.07 300
524 138 132279 36.05 682.68 7251.86 65.80 48.79 2000
525 377 132656 51.94 2003.46 27905.21 140.13 53.23 1500
526 376 133032 71.04 2001.77 25208.53 169.39 96.62 2100
527 49 133081 8.75 192.77 2070.36 28.32 17.70 300
528 295 133376 41.03 1550.74 21090.28 124.20 51.76 1000
529 377 133753 62.05 2002.69 26138.85 170.12 89.55 700
530 377 134130 46.75 2005.76 28117.59 161.14 60.01 800
531 82 134212 10.34 366.86 4881.25 39.47 23.89 200
532 369 134581 64.97 1945.90 25122.89 156.81 73.09 1900
533 150 134731 23.97 749.68 9662.32 66.09 41.56 300
534 377 135108 44.89 2002.49 28266.44 149.76 57.70 200
535 339 135447 52.67 1787.05 23570.55 151.29 69.06 1300
536 379 135826 48.42 2004.08 27548.33 176.45 65.87 200
537 376 136202 41.58 2004.36 28550.05 159.84 55.57 200
538 129 136331 23.43 638.25 7893.27 60.84 33.39 1100
539 376 136707 46.54 2000.87 28237.10 143.12 44.91 0
540 378 137085 67.30 2000.99 25672.20 177.26 83.76 2500
541 379 137464 59.75 2000.89 26560.19 173.42 71.87 1200
542 375 137839 44.85 2000.97 28230.43 163.87 56.47 500
543 375 138214 34.82 2000.30 29451.43 141.89 45.01 0
544 352 138566 62.71 1854.80 23309.51 157.07 98.17 1200
545 378 138944 48.16 2004.90 27823.28 169.86 68.11 0
546 377 139321 54.77 2002.55 27105.36 164.12 68.47 700
547 94 139415 14.61 430.79 5321.53 45.51 26.44 200
548 380 139795 61.64 2001.75 26006.61 187.70 98.91 1000
549 378 140173 48.64 2001.80 27402.92 175.09 77.24 300
550 376 140549 47.81 2000.36 27733.56 162.16 64.95 400
551 377 140926 53.76 2002.08 26804.85 175.90 88.01 500
552 377 141303 38.55 2002.58 28709.32 166.44 52.67 0
553 364 141667 55.75 1909.97 25398.56 160.57 68.86 1700
554 327 141994 44.74 1721.29 23311.43 153.35 70.88 300
555 293 142287 38.77 1528.26 20866.18 136.09 57.51 300
556 299 142586 46.40 1561.73 20718.73 139.73 68.29 500
557 380 142966 60.94 2003.17 26186.58 187.02 71.86 1300
558 383 143349 75.38 2002.50 24903.95 192.61 73.39 2200
559 257 143606 32.28 1337.19 18650.62 107.05 37.95 500
560 380 143986 44.69 2000.62 27981.28 185.16 64.10 0
561 88 144074 12.02 393.48 5154.80 39.91 20.77 300
562 343 144417 44.97 1822.05 25362.49 147.72 56.33 400
563 378 144795 47.22 2000.33 27756.33 182.04 67.66 0
564 378 145173 49.42 2001.70 27690.43 172.48 61.42 500
565 265 145438 39.21 1373.95 18483.87 115.29 52.60 300
566 379 145817 64.62 2002.40 25837.71 180.34 85.02 1200
567 381 146198 42.82 2002.62 28317.84 166.96 53.08 100
568 380 146578 37.70 2004.37 29337.38 142.97 50.99 0
569 101 146679 14.16 435.17 5560.10 54.53 27.03 300
570 381 147060 51.57 2001.74 27420.27 173.22 70.59 900
571 257 147317 32.78 1294.48 17820.93 119.06 53.63 300
572 85 147402 15.23 379.15 4641.66 38.68 28.75 400
573 271 147673 57.46 1379.81 16157.44 147.27 65.79 2000
574 381 148054 75.70 2000.30 24675.20 173.25 82.08 2400
575 388 148442 44.79 2002.16 28563.33 152.83 46.64 0
576 83 148525 13.49 349.91 4276.25 40.15 29.05 200
577 380 148905 51.02 2003.52 27611.83 167.79 70.15 0
578 245 149150 41.75 1243.97 15693.87 126.61 70.97 400
579 380 149530 46.61 2001.12 27987.45 168.91 66.11 200
580 381 149911 59.14 2002.18 26601.87 161.64 68.28 1300
