0 81 81 15.06 222.70 2541.94 14.71 16.11 500
1 92 173 20.83 196.17 2061.76 20.04 23.38 1000
2 81 254 10.47 141.24 1852.19 16.31 16.67 400
3 77 331 11.57 157.57 1968.55 13.88 12.18 400
4 78 409 10.57 135.23 1594.96 18.19 11.77 400
5 80 489 11.44 163.45 2078.07 14.90 6.33 500
6 83 572 16.86 204.90 1761.43 18.99 15.54 900
7 71 643 55.11 309.90 -835.46 59.57 54.19 4200
8 69 712 52.67 301.38 -449.87 62.75 65.88 4800
9 72 784 57.27 324.06 -419.65 64.95 59.52 5100
10 150 934 106.56 757.53 1195.06 117.52 106.98 9300
11 79 1013 37.85 364.82 2159.63 41.86 38.58 2500
12 67 1080 36.03 300.62 1398.69 35.16 32.65 1600
13 73 1153 13.44 326.79 4127.07 18.74 10.44 400
14 82 1235 18.92 378.56 4249.16 30.19 26.65 300
15 381 1616 107.62 1977.54 19829.27 139.08 77.71 3300
16 250 1866 85.62 1301.51 12330.10 85.52 72.18 3600
17 40 1906 11.55 142.91 1033.80 9.77 6.70 300
18 364 2270 91.59 1932.11 22065.08 111.07 99.14 1900
19 195 2465 38.65 997.55 12125.29 73.53 52.29 1200
20 376 2841 50.13 2005.01 27749.27 118.49 60.84 0
21 30 2871 14.61 55.08 -302.04 18.31 25.42 900
22 67 2938 41.93 230.77 -784.38 42.26 69.66 2800
23 271 3209 39.40 1419.14 18898.84 99.89 63.95 300
24 167 3376 23.41 856.42 11500.05 63.57 40.84 300
25 73 3449 21.69 294.82 2330.51 35.70 60.65 900
26 67 3516 18.97 282.32 2159.39 32.16 29.93 900
27 80 3596 13.23 365.52 4632.17 31.70 23.26 300
28 375 3971 54.82 2001.11 26963.49 138.78 79.07 200
29 376 4347 56.41 2002.43 26734.04 136.54 74.54 100
30 160 4507 61.01 759.69 4764.21 95.39 77.84 2900
31 191 4698 56.85 914.61 7689.08 108.50 90.23 1300
32 382 5080 77.26 2000.44 23985.12 172.95 96.67 900
33 148 5228 24.96 737.01 9402.84 57.09 43.97 300
34 288 5516 44.27 1506.57 20098.81 105.66 56.72 400
35 79 5595 11.24 346.01 4480.76 31.89 27.58 200
36 378 5973 66.67 2001.77 25915.03 144.96 79.92 700
37 114 6087 43.68 516.32 3250.20 61.24 39.94 1700
38 295 6382 45.19 1554.18 20864.04 114.55 63.81 300
39 69 6451 18.68 288.42 2365.89 32.87 31.69 300
40 73 6524 26.46 304.66 1801.95 41.21 40.78 1400
41 100 6624 14.49 466.71 6151.41 43.19 27.98 200
42 84 6708 42.28 357.57 677.35 46.22 39.18 2600
43 90 6798 16.18 403.94 4964.80 38.45 28.75 400
44 87 6885 10.60 363.39 4862.74 32.94 23.26 300
45 382 7267 67.08 2004.96 26069.36 146.06 77.41 1200
46 76 7343 18.42 313.00 2836.43 42.66 41.49 700
47 380 7723 49.80 2000.53 27988.05 133.32 56.19 0
48 399 8122 157.22 2001.00 12949.87 240.49 167.29 7300
49 174 8296 46.24 812.86 7368.58 89.29 64.88 1400
50 382 8678 54.25 2004.46 27046.31 154.66 95.19 600
51 56 8734 11.63 194.79 2065.65 20.25 13.38 600
52 305 9039 45.98 1591.64 21415.77 121.83 52.72 400
53 377 9416 51.02 2002.70 27744.83 139.15 56.82 0
54 161 9577 43.41 789.04 8066.98 79.90 57.81 1500
55 219 9796 34.82 1112.01 14648.91 88.13 49.89 300
56 78 9874 9.32 345.11 4691.49 31.90 25.10 200
57 378 10252 60.66 2003.22 26621.54 157.77 82.07 0
58 382 10634 69.30 2000.76 25488.19 171.03 98.70 0
59 147 10781 26.46 728.77 8985.16 71.36 46.58 300
60 338 11119 91.74 1771.31 19590.13 157.91 102.88 1900
61 78 11197 17.93 330.13 3462.41 38.33 31.63 300
62 143 11340 23.50 689.90 8749.87 66.97 35.72 300
63 171 11511 29.00 847.93 10949.14 68.33 36.93 400
64 82 11593 12.74 352.22 4430.07 39.19 27.67 200
65 378 11971 52.37 2002.31 27522.57 149.48 66.32 0
66 168 12139 25.80 840.65 11156.27 70.52 41.95 300
67 78 12217 15.40 346.78 4059.38 35.57 30.68 300
68 134 12351 22.75 655.47 8364.49 57.83 33.31 300
69 78 12429 13.08 347.09 4330.05 35.93 27.55 300
70 377 12806 47.24 2000.69 28067.53 146.36 67.18 0
71 202 13008 22.43 1037.48 14502.39 85.70 57.90 300
72 238 13246 37.70 1219.87 16087.91 97.17 54.69 300
73 82 13328 14.60 353.76 4219.65 42.65 31.78 300
74 335 13663 55.97 1753.61 22973.51 140.14 81.44 800
75 379 14042 49.48 2003.20 28038.55 142.71 67.52 0
76 334 14376 45.47 1761.07 24370.84 125.81 59.40 200
77 378 14754 49.17 2005.01 28004.76 139.33 63.80 0
78 32 14786 10.47 95.15 522.36 22.41 17.58 300
79 92 14878 15.55 428.70 5475.10 39.54 26.29 200
80 74 14952 27.88 313.29 2277.05 47.39 36.14 1200
81 376 15328 63.60 2002.54 26594.49 163.84 95.52 2200
82 51 15379 8.94 179.34 2012.03 26.13 21.92 400
83 336 15715 50.02 1759.67 23837.87 128.67 68.23 300
84 82 15797 11.76 356.87 4616.62 37.76 27.50 200
85 379 16176 55.31 2003.61 27103.74 143.88 81.73 800
86 378 16554 48.85 2004.77 28195.69 144.13 68.95 0
87 106 16660 20.56 442.84 5118.99 43.39 31.97 400
88 224 16884 26.94 1133.31 15931.71 80.44 45.58 400
89 84 16968 9.89 339.81 4627.04 33.32 27.49 300
90 384 17352 49.30 2001.96 28139.51 129.11 61.48 0
91 382 17734 43.17 2003.79 28715.03 139.99 64.33 0
92 103 17837 28.14 432.23 4180.98 54.96 45.46 1000
93 84 17921 8.70 346.66 4768.15 34.26 29.43 300
94 153 18074 19.72 747.59 10273.26 58.98 41.37 300
95 381 18455 44.59 2002.41 28432.75 136.84 53.60 0
96 129 18584 14.04 598.05 8332.13 51.43 22.72 300
97 139 18723 19.70 649.93 8645.94 57.60 34.78 400
98 388 19111 52.65 2004.90 27611.06 159.60 77.80 100
99 386 19497 38.52 2001.82 29022.59 152.86 62.09 0
100 386 19883 41.61 2000.70 28938.86 140.36 59.51 0
101 120 20003 16.02 529.57 6930.08 54.41 36.45 300
102 95 20098 13.55 407.96 5314.87 37.65 23.41 400
103 388 20486 42.62 2004.39 28833.81 140.60 51.87 0
104 386 20872 38.94 2003.38 29032.12 147.76 52.15 0
105 385 21257 56.26 2002.60 27056.64 165.30 83.91 200
106 392 21649 48.31 2003.27 28223.17 156.89 69.00 0
107 383 22032 43.84 2002.02 28396.32 162.27 62.67 0
108 385 22417 90.98 2001.81 22474.02 195.26 104.89 2300
109 385 22802 49.87 2000.18 27930.74 155.85 53.27 100
110 379 23181 44.90 2004.64 28539.38 143.30 50.32 0
111 379 23560 65.29 2001.75 25792.96 195.01 102.49 100
112 175 23735 28.70 884.13 11378.48 81.04 35.95 800
113 91 23826 11.77 405.29 5410.41 42.59 24.83 300
114 384 24210 58.43 2000.49 26844.90 165.29 75.05 600
115 384 24594 50.53 2003.16 28107.45 141.69 64.13 100
116 383 24977 47.01 2003.97 27944.80 171.17 66.91 0
117 232 25209 52.17 1192.15 14041.65 107.64 68.03 600
118 83 25292 12.63 378.48 4905.70 36.64 19.41 300
119 379 25671 44.97 2004.10 28234.19 157.87 67.14 0
120 160 25831 24.30 793.18 10297.09 76.31 51.19 300
121 378 26209 44.34 2001.60 28625.12 145.70 57.63 0
122 102 26311 15.31 459.72 5883.91 43.69 30.30 300
123 384 26695 59.94 2003.71 26676.34 176.92 88.69 200
124 43 26738 5.27 128.02 1567.30 21.62 16.36 300
125 267 27005 40.71 1347.28 18035.02 103.78 44.10 300
126 382 27387 42.02 2004.38 28851.25 147.21 69.90 0
127 224 27611 24.00 1054.69 15026.92 80.96 45.73 300
128 78 27689 9.26 306.28 4065.14 32.74 19.84 400
129 226 27915 26.33 1079.44 15064.23 88.29 37.65 300
130 398 28313 44.64 2003.42 28723.42 142.14 53.04 0
131 330 28643 40.89 1636.10 22944.55 123.05 64.71 300
132 385 29028 48.10 2004.18 28098.27 147.24 75.35 0
133 343 29371 39.09 1756.53 25000.73 127.49 64.13 400
134 80 29451 12.27 357.85 4553.90 32.95 21.06 200
135 251 29702 31.10 1295.72 18109.69 98.50 45.22 300
136 210 29912 21.16 1068.12 15340.01 78.78 47.52 200
137 378 30290 41.94 2003.90 28528.84 145.47 67.88 0
138 377 30667 39.88 2000.60 28779.02 151.95 66.68 0
139 385 31052 63.41 2005.23 26342.36 164.86 80.74 1400
140 382 31434 38.61 2000.09 29241.46 133.79 50.08 0
141 386 31820 42.70 2002.07 28592.06 153.33 74.49 0
142 380 32200 39.27 2003.86 29143.72 133.65 58.24 0
143 368 32568 42.54 1939.44 27518.22 141.60 60.41 300
144 101 32669 12.61 463.18 6243.90 42.54 26.40 200
145 376 33045 34.04 2001.38 29696.69 133.76 48.03 0
146 225 33270 28.05 1155.88 15853.11 99.88 55.21 300
147 84 33354 14.54 376.63 4593.66 36.30 20.97 400
148 379 33733 46.25 2001.09 27962.98 160.79 74.57 0
149 378 34111 44.18 2000.63 28512.31 148.34 59.89 0
150 377 34488 42.52 2004.10 28778.53 138.95 45.46 0
151 377 34865 46.25 2003.39 28326.69 146.46 70.02 100
152 214 35079 29.96 1102.05 14931.84 88.45 51.14 300
153 234 35313 29.38 1211.63 16655.67 102.78 56.49 200
154 277 35590 42.60 1450.39 19341.10 123.09 71.63 400
155 380 35970 46.42 2003.89 28309.61 142.01 66.01 200
156 140 36110 16.48 692.82 9551.94 62.54 32.13 300
157 83 36193 10.01 373.73 5064.77 38.16 24.26 200
158 377 36570 37.51 2002.40 29087.33 143.96 51.93 0
159 243 36813 27.91 1270.20 17902.35 105.85 55.34 300
160 85 36898 12.57 378.66 4863.13 39.89 32.71 300
161 133 37031 17.26 658.70 8874.94 59.85 29.01 300
162 369 37400 45.24 1947.86 27062.53 159.27 73.12 300
163 261 37661 29.49 1356.50 19000.82 112.02 62.45 200
164 288 37949 34.95 1495.48 20983.37 108.63 55.18 300
165 380 38329 39.34 2005.40 28942.55 148.83 58.32 0
166 330 38659 40.47 1726.25 24356.06 125.30 61.15 300
167 381 39040 43.43 2004.11 28610.08 142.94 59.06 0
168 197 39237 25.28 1006.60 13885.30 86.70 39.66 400
169 140 39377 17.09 684.00 9363.78 60.18 35.88 200
170 171 39548 17.49 840.09 11774.97 77.92 43.58 200
171 381 39929 39.66 2004.13 28725.96 160.60 63.79 0
172 374 40303 45.14 1962.07 27519.68 151.14 58.73 300
173 129 40432 16.60 602.05 8183.34 54.16 33.12 300
174 312 40744 37.73 1624.67 22639.09 136.18 61.26 400
175 136 40880 14.25 665.97 9238.77 63.53 31.11 200
176 378 41258 54.39 1992.42 26698.21 171.93 84.78 300
177 86 41344 12.36 382.06 5021.14 35.75 20.67 400
178 380 41724 39.03 2004.35 29125.63 141.32 54.42 0
179 51 41775 6.95 163.77 1939.37 28.46 22.46 300
180 386 42161 45.47 2004.13 28314.90 152.81 63.93 300
181 239 42400 27.36 1193.70 16741.57 98.21 49.06 300
182 383 42783 42.11 2002.42 28708.54 151.92 54.85 0
183 385 43168 45.19 2000.41 28174.01 156.94 65.21 0
184 251 43419 39.45 1259.28 16222.09 117.73 64.19 900
185 172 43591 22.26 840.62 11390.76 74.79 44.38 300
186 182 43773 27.67 864.35 11365.98 77.97 44.59 400
187 379 44152 49.47 2000.73 27934.58 139.59 61.51 0
188 384 44536 55.39 2004.62 26911.00 177.69 81.25 0
189 224 44760 28.77 1142.94 15689.81 94.76 41.23 300
190 380 45140 70.24 2001.51 25096.73 191.85 96.33 900
191 119 45259 20.72 548.12 6698.28 69.32 41.07 300
192 284 45543 41.47 1478.51 19754.81 137.33 52.72 300
193 85 45628 15.09 363.50 4289.72 41.62 28.70 300
194 165 45793 25.74 812.47 10591.03 75.34 34.74 200
195 87 45880 24.80 384.89 3772.16 56.20 30.64 300
196 86 45966 19.43 353.45 3826.43 46.51 31.48 500
197 352 46318 62.97 1847.27 23209.29 183.82 87.42 700
198 269 46587 41.33 1375.32 18052.45 136.64 49.86 300
199 382 46969 43.89 2001.45 28447.45 157.67 54.41 0
200 280 47249 41.32 1454.94 19459.65 122.69 55.73 400
201 199 47448 71.73 961.39 6436.26 142.56 84.67 2200
202 377 47825 45.77 2004.33 27908.34 172.47 75.35 400
203 35 47860 13.40 108.33 387.35 19.74 25.67 900
204 379 48239 44.14 2003.38 28146.22 171.49 79.38 0
205 346 48585 44.81 1833.31 25123.69 157.91 67.66 400
206 155 48740 29.55 771.19 9384.11 80.29 46.69 300
207 379 49119 44.91 2004.90 28180.24 173.92 64.63 0
208 35 49154 12.87 106.25 477.04 23.27 25.82 600
209 138 49292 19.98 675.27 9002.78 59.24 33.79 400
210 88 49380 13.21 396.70 5048.75 46.59 25.84 300
211 85 49465 15.06 386.78 4747.47 42.52 24.68 300
212 310 49775 49.72 1618.84 20834.43 148.28 82.57 1400
213 306 50081 51.25 1610.03 20707.03 145.38 67.25 700
214 162 50243 20.88 803.16 10887.45 73.01 34.38 300
215 151 50394 20.17 755.44 10115.24 71.96 38.00 300
216 344 50738 49.71 1810.32 24171.42 165.91 76.36 300
217 335 51073 45.25 1756.23 23934.13 151.20 65.92 200
218 380 51453 68.83 2002.55 25214.71 191.08 107.76 1800
219 188 51641 27.56 948.07 12289.12 100.40 41.65 200
220 377 52018 49.71 2004.87 27450.13 171.97 68.50 0
221 275 52293 49.96 1416.03 17713.90 138.17 62.01 500
222 156 52449 34.91 774.42 8652.12 81.23 47.58 400
223 379 52828 63.75 2003.63 25618.42 192.30 93.26 1100
224 153 52981 27.48 760.59 9233.46 82.81 46.68 300
225 228 53209 32.05 1176.09 15753.73 100.82 47.69 300
226 376 53585 43.12 2001.31 28212.91 157.92 56.19 0
227 159 53744 21.31 800.45 10878.21 65.90 26.77 300
228 376 54120 52.87 2002.25 26757.20 188.55 94.30 500
229 134 54254 26.31 654.20 7631.26 80.84 38.40 400
230 305 54559 42.17 1600.63 21374.95 155.49 67.20 300
231 301 54860 48.07 1579.36 20298.69 157.24 74.25 900
232 376 55236 50.60 2001.49 27596.98 162.77 63.64 0
233 46 55282 8.69 165.05 1628.71 30.82 21.79 200
234 273 55555 47.07 1422.80 17983.84 151.34 76.45 700
235 378 55933 36.83 2005.25 29044.13 167.20 45.73 0
236 83 56016 16.68 377.65 4289.60 48.52 25.47 300
237 83 56099 14.30 372.54 4430.42 44.90 23.97 200
238 81 56180 9.85 360.61 4757.62 47.70 26.31 200
239 377 56557 40.70 2004.51 28625.89 164.23 51.68 0
240 96 56653 16.22 451.53 5551.76 49.36 26.02 200
241 220 56873 28.67 1139.51 15538.02 104.33 45.37 300
242 93 56966 21.00 426.73 4477.23 57.41 31.90 400
243 378 57344 59.79 2002.69 26243.44 196.92 73.05 600
244 170 57514 22.46 846.52 11291.07 93.38 40.83 300
245 378 57892 60.95 2002.79 26327.33 194.49 80.16 500
246 81 57973 12.89 362.96 4436.17 47.72 25.18 200
247 104 58077 17.81 499.43 6195.89 53.30 30.27 400
248 221 58298 44.12 1136.72 13669.59 135.12 61.76 300
249 90 58388 16.74 407.58 4693.52 56.60 25.81 300
250 378 58766 53.36 2000.09 26928.93 197.09 71.03 1000
251 299 59065 37.52 1565.53 21461.37 143.79 52.16 700
252 131 59196 20.66 635.53 7897.93 77.53 38.83 300
253 139 59335 26.19 684.38 8092.64 84.75 47.81 200
254 89 59424 14.39 409.83 5064.48 48.97 24.72 200
255 168 59592 33.25 842.58 10042.36 80.62 24.67 600
256 377 59969 55.60 2005.57 26338.21 206.44 83.88 500
257 173 60142 30.58 881.66 10642.15 104.90 57.12 300
258 206 60348 27.96 1052.81 13892.35 112.35 46.50 300
259 379 60727 52.29 2003.95 26782.81 206.74 62.64 0
260 378 61105 62.55 2001.81 25719.58 192.55 85.00 700
261 210 61315 35.03 1080.15 13705.40 114.16 58.24 400
262 377 61692 52.19 2000.78 26821.01 191.96 55.77 300
263 376 62068 46.62 2002.96 27769.48 182.26 60.93 0
264 378 62446 44.83 2000.45 27902.75 183.09 52.63 0
265 45 62491 10.91 161.80 1456.73 21.47 14.60 700
266 377 62868 46.09 2003.85 27824.20 175.48 55.99 0
267 82 62950 15.25 375.95 4473.33 41.22 28.60 300
268 237 63187 37.52 1219.09 15691.46 126.16 61.66 200
269 230 63417 33.14 1195.44 15885.79 120.24 53.21 300
270 377 63794 40.30 2003.93 28385.65 183.07 55.21 0
271 378 64172 62.89 2002.03 25614.51 194.60 89.30 700
272 379 64551 48.60 2001.02 27364.86 189.92 68.21 200
273 378 64929 52.69 2001.06 27094.90 183.50 67.44 0
274 378 65307 43.20 2003.29 28206.94 182.89 55.61 0
275 379 65686 52.04 2001.31 27280.83 185.74 68.10 0
276 273 65959 40.37 1420.73 18827.50 133.14 50.29 400
277 380 66339 47.16 2001.08 27700.09 186.39 64.80 0
278 378 66717 40.62 2000.22 28413.25 171.14 50.47 0
279 220 66937 29.64 1123.89 15062.47 106.33 52.66 600
280 379 67316 46.95 2005.29 27718.96 184.64 55.25 0
281 223 67539 34.99 1146.35 14936.97 110.75 50.82 500
282 84 67623 14.92 382.55 4541.92 45.52 20.61 300
283 384 68007 47.97 2003.45 27869.60 184.95 57.54 0
284 313 68320 48.35 1627.76 21340.34 148.45 67.59 700
285 339 68659 50.54 1772.63 23421.31 172.12 67.08 500
286 252 68911 33.40 1302.06 17720.27 121.53 44.16 200
287 384 69295 53.16 2001.18 27081.43 189.24 77.84 200
288 383 69678 54.74 2002.82 26871.41 190.71 74.40 300
289 381 70059 48.44 2004.87 27826.87 164.52 64.77 0
290 384 70443 46.42 2003.45 27897.45 181.05 74.28 0
291 311 70754 36.97 1581.85 21992.69 138.43 62.41 300
292 382 71136 59.06 2004.55 26032.75 194.22 77.33 300
293 379 71515 50.41 2000.24 27291.01 175.82 57.62 0
294 358 71873 53.06 1887.14 25114.51 166.64 70.34 500
295 226 72099 30.47 1115.29 14892.80 111.21 52.13 300
296 157 72256 22.59 781.10 10173.61 72.26 33.02 400
297 379 72635 45.51 2001.21 28191.34 169.63 67.35 400
298 62 72697 8.21 253.85 3153.44 37.69 28.19 200
299 226 72923 26.70 1147.44 16031.71 95.67 46.28 200
300 378 73301 49.28 2004.42 27703.14 165.67 67.30 0
301 224 73525 33.85 1138.43 15114.15 96.49 44.17 400
302 190 73715 31.66 964.70 12178.85 87.69 39.32 300
303 382 74097 61.02 2003.26 26515.74 181.41 71.03 0
304 379 74476 59.12 2001.21 26432.05 168.42 67.63 1000
305 166 74642 22.79 828.94 11004.67 79.30 41.77 200
306 385 75027 61.80 2003.75 26330.69 177.44 76.86 100
307 232 75259 39.84 1174.44 14839.89 112.15 63.95 600
308 150 75409 18.00 722.64 10008.47 60.74 38.67 300
309 381 75790 49.70 2001.14 27738.86 146.75 65.48 300
310 148 75938 19.31 742.74 10098.30 62.28 33.71 300
311 379 76317 50.19 2000.28 27686.60 151.59 59.73 0
312 385 76702 53.25 2004.53 27452.82 161.82 74.77 0
313 394 77096 44.36 2001.80 28133.23 156.99 58.48 0
314 387 77483 47.14 2002.88 28184.99 147.05 51.46 0
315 242 77725 43.85 1190.82 14558.06 119.67 76.48 1000
316 54 77779 7.72 165.39 1893.96 27.01 17.56 200
317 384 78163 55.31 2004.34 27062.62 167.19 64.86 600
318 140 78303 21.61 642.59 8250.12 62.40 35.67 300
319 82 78385 15.27 329.08 3805.93 36.21 27.00 300
320 384 78769 44.26 2001.06 28452.45 153.18 59.45 0
321 385 79154 69.59 2004.08 25454.42 173.17 98.93 2000
322 225 79379 37.10 1112.74 14121.99 105.51 60.17 800
323 207 79586 35.63 1033.97 13034.52 90.80 56.46 1000
324 224 79810 38.86 1120.18 14387.58 92.56 42.45 800
325 391 80201 58.08 2001.50 26745.73 166.15 92.31 700
326 386 80587 44.44 2005.52 28487.81 150.11 47.36 0
327 186 80773 46.21 903.39 10035.96 98.19 66.52 800
328 156 80929 21.68 760.65 10154.94 68.12 30.70 200
329 83 81012 14.33 344.88 3998.58 41.95 26.15 800
330 382 81394 57.58 2003.82 26887.25 168.18 73.92 0
331 47 81441 8.38 143.14 1505.92 25.24 14.52 400
332 239 81680 40.53 1217.38 15670.67 98.03 53.35 800
333 240 81920 34.46 1246.41 16886.80 93.13 45.60 400
334 384 82304 59.46 2002.20 26865.97 152.40 65.97 1200
335 197 82501 31.92 955.29 12076.02 96.74 48.54 500
336 384 82885 64.17 2000.97 26022.45 161.92 84.25 1300
337 383 83268 76.16 2005.45 24875.14 173.53 86.21 1400
338 110 83378 18.67 480.96 5792.00 53.59 38.05 800
339 379 83757 47.65 2001.73 28060.53 147.75 57.07 0
340 381 84138 63.87 2001.31 26192.84 166.37 84.95 1400
341 385 84523 96.62 2004.68 22829.10 168.02 94.03 3600
342 157 84680 22.74 769.43 10186.84 62.44 28.03 400
343 239 84919 37.58 1231.70 16186.31 96.98 58.20 1000
344 379 85298 49.89 2000.17 27550.74 159.40 64.08 0
345 189 85487 30.84 913.68 11932.20 77.29 43.99 400
346 162 85649 28.79 804.94 10018.63 69.31 42.97 800
347 348 85997 51.66 1820.58 24708.96 137.08 69.09 700
348 381 86378 52.62 2000.39 27349.43 160.60 66.03 600
349 44 86422 6.73 142.20 1557.81 23.77 15.66 300
350 378 86800 46.28 2002.03 28329.59 138.28 53.49 0
351 79 86879 14.98 348.77 4101.30 38.55 27.74 700
352 379 87258 63.15 2001.59 26182.89 164.78 70.34 1000
353 378 87636 57.02 2000.39 27337.78 143.01 61.29 700
354 379 88015 58.98 2000.84 26480.44 172.07 76.70 500
355 226 88241 33.45 1153.70 15377.35 95.99 50.02 300
356 381 88622 50.88 2001.50 27456.17 158.22 55.93 300
357 68 88690 9.09 273.58 3402.04 37.41 21.03 200
358 157 88847 36.12 765.51 8343.98 81.13 52.83 1700
359 210 89057 31.01 1061.01 14168.33 91.54 43.28 200
360 381 89438 40.85 2004.14 28756.89 150.85 58.34 0
361 121 89559 16.28 580.26 7696.71 54.17 34.18 300
362 378 89937 45.08 2001.48 28184.29 155.30 53.38 0
363 90 90027 14.81 417.46 5173.69 42.80 24.83 300
364 80 90107 12.15 354.71 4509.18 34.61 25.85 200
365 379 90486 48.54 2003.00 27554.16 180.41 70.73 0
366 379 90865 42.79 2003.92 28581.86 152.79 52.63 0
367 383 91248 55.93 2004.54 26879.65 179.70 57.96 0
368 379 91627 42.56 2003.96 28341.85 174.12 70.29 0
369 299 91926 37.50 1555.12 21675.77 124.52 45.99 300
370 84 92010 13.28 377.30 4603.76 41.26 29.46 200
371 378 92388 52.52 2000.84 27048.18 175.85 82.69 200
372 107 92495 16.94 444.28 5524.82 49.65 27.38 300
373 249 92744 34.93 1268.80 17085.87 111.57 47.47 200
374 379 93123 52.95 2003.59 27312.76 164.13 83.07 500
375 381 93504 48.04 2001.42 28094.50 153.33 44.62 0
376 377 93881 46.09 2002.19 28199.24 152.09 58.13 0
377 186 94067 25.43 922.31 12298.01 90.35 48.86 300
378 94 94161 14.30 438.13 5478.17 49.37 28.65 500
379 379 94540 56.78 2004.91 26865.08 181.40 71.97 0
380 207 94747 30.16 1048.30 13970.64 95.06 43.18 300
381 383 95130 47.67 2003.09 28104.42 154.96 50.44 0
382 195 95325 21.97 969.09 13686.74 76.94 40.09 300
383 382 95707 37.85 2000.43 29028.36 154.19 51.42 0
384 380 96087 48.66 2004.61 27957.20 158.42 66.03 0
385 380 96467 46.47 2003.93 28259.08 148.12 57.06 0
386 368 96835 55.01 1905.86 25729.91 146.79 72.91 900
387 382 97217 45.77 2004.62 28492.17 145.67 55.75 0
388 240 97457 32.97 1201.28 16359.81 94.36 50.86 600
389 245 97702 43.87 1242.11 15696.78 105.61 63.78 800
390 328 98030 59.37 1663.07 21220.94 143.58 73.11 900
391 84 98114 12.30 370.20 4857.98 35.03 24.70 200
392 150 98264 19.28 724.56 9721.35 74.13 34.95 300
393 381 98645 50.20 2000.61 27725.55 162.69 59.27 200
394 53 98698 9.15 179.04 1962.87 26.87 16.60 300
395 359 99057 117.66 1757.42 14200.88 230.70 138.99 2500
396 388 99445 62.07 2003.75 26537.49 170.18 87.42 700
397 385 99830 46.49 2000.59 28245.69 156.13 58.10 0
398 381 100211 53.92 2003.31 27699.39 145.68 64.85 0
399 333 100544 48.53 1726.04 23289.03 136.90 50.43 300
400 137 100681 20.32 663.62 8684.61 61.99 31.90 300
401 171 100852 25.77 828.54 10895.64 77.64 34.02 400
402 294 101146 38.90 1504.49 20662.78 121.28 53.04 300
403 300 101446 42.56 1541.56 20960.62 115.00 53.94 400
404 151 101597 15.49 732.78 10492.98 55.98 26.59 200
405 384 101981 56.62 2004.13 27309.15 152.81 57.75 0
406 188 102169 26.43 923.31 12394.96 75.58 37.52 300
407 381 102550 51.69 2000.47 27915.13 137.52 67.89 0
408 385 102935 59.05 2004.39 26997.22 158.66 61.41 0
409 318 103253 62.77 1592.67 19713.08 145.22 74.26 1300
410 356 103609 47.19 1847.01 25382.77 150.60 70.95 300
411 205 103814 24.28 1014.21 13933.03 94.41 45.65 300
412 385 104199 42.47 2000.76 28782.53 154.12 58.23 0
413 387 104586 57.94 2003.86 26861.75 168.01 71.24 0
414 321 104907 39.37 1651.90 22966.66 135.02 65.50 300
415 384 105291 57.75 2002.23 26793.83 168.56 69.41 300
416 384 105675 57.06 2004.77 27245.17 158.31 66.35 0
417 386 106061 56.21 2003.58 27066.95 160.92 75.76 800
418 211 106272 33.56 1045.07 13608.49 91.40 46.90 300
419 385 106657 56.10 2005.55 27199.14 164.39 67.04 0
420 386 107043 51.69 2001.18 28032.27 139.85 62.84 0
421 58 107101 8.99 192.18 2213.96 25.79 17.62 300
422 388 107489 66.51 2002.99 25966.55 168.80 85.61 600
423 380 107869 46.67 2002.61 28080.33 154.91 59.72 0
424 381 108250 43.99 2003.92 28602.92 146.25 52.47 0
425 386 108636 46.61 2004.05 28431.36 144.24 57.14 0
426 273 108909 38.61 1396.24 18997.06 114.88 52.12 200
427 385 109294 52.08 2002.37 27702.98 158.33 60.38 0
428 44 109338 9.63 133.41 1210.64 21.16 18.23 200
429 103 109441 19.67 449.59 5314.65 45.62 36.38 900
430 154 109595 21.04 734.37 9783.09 61.28 44.70 400
431 383 109978 46.61 2000.20 28221.19 151.47 50.46 0
432 381 110359 50.42 2000.42 27759.72 164.49 60.89 0
433 385 110744 47.20 2002.88 28309.27 148.78 61.92 600
434 172 110916 24.69 837.40 11078.64 68.06 34.89 600
435 300 111216 44.30 1525.82 20546.76 126.53 61.20 600
436 381 111597 45.87 2003.59 28471.55 151.78 56.90 0
437 383 111980 49.82 2004.06 28048.20 147.93 50.31 0
438 110 112090 15.60 509.95 6582.65 51.54 31.71 300
439 379 112469 40.04 2003.44 29071.44 140.54 47.81 0
440 86 112555 22.04 347.76 3278.82 52.53 30.53 900
441 83 112638 12.60 337.47 4141.18 36.78 27.94 300
442 383 113021 56.27 2001.13 27304.00 157.56 61.89 0
443 50 113071 8.01 185.92 2147.50 23.03 18.14 300
444 379 113450 49.49 1979.89 27363.48 160.25 71.61 200
445 383 113833 67.83 2001.13 25909.85 163.83 75.51 300
446 96 113929 13.61 416.96 5547.97 36.33 21.38 300
447 347 114276 50.54 1814.22 24469.62 154.95 67.45 500
448 86 114362 13.97 356.85 4407.06 38.60 23.25 200
449 386 114748 73.78 2004.89 25177.54 189.57 103.29 1200
450 235 114983 36.37 1175.99 15511.25 99.74 62.39 500
451 386 115369 63.94 2003.79 26015.55 180.14 90.38 400
452 143 115512 18.28 675.94 9131.50 62.45 31.12 400
453 383 115895 57.41 2002.37 26921.67 168.36 69.63 500
454 254 116149 38.31 1292.32 17399.90 99.82 54.66 300
455 143 116292 22.00 682.40 8893.98 61.25 36.25 300
456 221 116513 36.43 1113.22 14380.59 93.84 48.90 200
457 92 116605 13.62 401.73 5164.31 37.55 21.34 300
458 380 116985 57.38 2000.75 27149.42 155.54 65.50 200
459 382 117367 67.46 2001.41 25901.97 177.57 88.48 800
460 350 117717 63.81 1820.32 23173.73 169.91 86.85 200
461 385 118102 42.92 2001.40 28592.09 160.27 50.06 0
462 314 118416 52.34 1602.41 20838.66 142.72 75.42 600
463 172 118588 28.71 840.90 10759.80 76.57 35.39 300
464 382 118970 56.95 2003.44 26920.38 172.55 75.24 200
465 385 119355 58.98 2001.17 26645.25 181.83 77.53 400
466 383 119738 80.87 2001.16 24497.71 175.20 91.62 2900
467 382 120120 45.88 2000.79 28218.39 167.39 53.21 0
468 57 120177 17.48 204.39 1518.95 27.01 26.90 1300
469 96 120273 12.55 427.82 5694.10 40.78 23.40 200
470 81 120354 17.22 348.11 3801.18 41.41 34.22 800
471 276 120630 53.33 1399.74 17170.48 127.97 70.73 1700
472 385 121015 62.94 2003.19 26288.35 183.29 71.96 900
473 197 121212 35.68 964.57 12048.65 89.94 42.19 500
474 150 121362 24.62 709.55 9012.30 64.77 40.44 1000
475 190 121552 31.43 930.55 11929.89 83.59 39.10 900
476 303 121855 50.14 1560.28 20307.89 135.98 65.74 700
477 304 122159 51.79 1557.03 19911.05 148.77 70.61 800
478 76 122235 10.85 295.21 3726.13 28.01 21.60 300
479 384 122619 64.27 2004.85 25767.39 181.82 66.70 1500
480 85 122704 20.11 358.90 3738.28 39.94 29.04 1200
481 387 123091 87.44 2004.04 23820.45 182.31 85.77 2500
482 54 123145 7.27 189.92 2281.23 27.19 19.71 200
483 342 123487 67.31 1773.45 21561.00 176.87 87.62 2000
484 83 123570 17.04 340.98 3723.20 35.44 25.03 800
485 381 123951 46.62 2004.07 28199.67 158.86 52.16 0
486 158 124109 20.84 763.50 10228.40 72.53 35.03 300
487 388 124497 48.63 2005.38 27856.77 175.36 58.80 300
488 171 124668 29.47 837.52 10581.67 78.61 47.70 1100
489 65 124733 11.44 258.78 2994.36 30.93 23.37 400
490 92 124825 16.43 408.40 4996.94 39.84 24.91 300
491 101 124926 15.25 440.81 5516.54 52.97 29.69 200
492 51 124977 8.71 171.41 1802.16 22.54 17.67 300
493 151 125128 21.74 712.45 9290.02 72.72 41.63 300
494 325 125453 74.98 1664.72 19278.70 166.06 84.82 2700
495 353 125806 52.56 1826.73 24431.09 164.95 72.54 600
496 90 125896 18.91 376.83 4025.58 42.59 25.92 800
497 387 126283 63.85 2001.45 25881.38 192.00 96.31 1200
498 384 126667 43.70 2001.27 28289.95 171.59 59.73 0
499 43 126710 8.47 120.05 1101.31 22.02 22.24 300
500 100 126810 16.91 440.04 5323.19 46.67 29.77 300
501 384 127194 67.79 2002.88 25692.28 180.46 88.04 500
502 185 127379 28.06 892.71 11580.47 87.37 43.68 300
503 89 127468 14.18 366.68 4523.39 38.77 22.58 600
504 218 127686 28.95 1088.04 14570.78 104.48 41.36 300
505 388 128074 58.16 2005.01 26448.09 199.68 72.91 0
506 387 128461 43.65 2003.40 28642.39 156.78 51.10 0
507 386 128847 50.46 2001.01 27600.51 181.59 66.13 0
508 388 129235 57.76 2000.52 26457.00 200.14 72.27 800
509 186 129421 23.39 901.59 12263.46 86.45 34.04 200
510 386 129807 44.09 2004.58 28245.18 176.82 54.53 0
511 282 130089 57.16 1420.63 16910.12 159.47 80.35 500
512 219 130308 30.81 1081.86 14307.08 109.88 43.86 300
513 87 130395 14.41 337.03 3964.11 40.65 26.14 700
514 290 130685 53.70 1454.96 18024.94 152.92 73.08 300
515 88 130773 17.82 350.98 3879.68 46.76 28.21 500
516 145 130918 23.98 659.27 8207.67 67.20 37.24 500
517 395 131313 53.70 2002.04 27510.74 170.08 51.63 0
518 41 131354 7.68 116.26 1132.00 20.27 17.08 200
519 381 131735 65.24 1962.10 25055.93 186.19 75.72 300
520 95 131830 15.36 410.03 5006.07 51.56 24.23 300
521 164 131994 32.52 795.21 9520.72 80.60 43.71 400
522 85 132079 12.77 339.47 4144.02 41.21 27.30 500
523 384 132463 59.22 2002.82 26436.99 193.60 76.65 100
524 262 132725 32.33 1305.23 18134.34 115.03 51.27 300
525 162 132887 28.44 745.84 9153.22 76.31 43.73 600
526 392 133279 60.61 2002.89 26155.75 196.30 90.09 1000
527 162 133441 20.97 756.90 10202.50 71.88 41.86 300
528 46 133487 8.29 141.38 1537.52 22.35 11.42 400
529 385 133872 52.34 2005.26 27451.88 170.84 63.00 200
530 104 133976 19.31 425.98 4876.73 51.95 30.81 800
531 167 134143 21.93 788.47 10553.11 75.06 33.98 300
532 346 134489 52.35 1765.42 23548.49 165.15 76.94 700
533 301 134790 56.43 1535.55 19069.28 155.87 70.36 1800
534 140 134930 24.91 635.77 7751.39 72.95 31.73 500
535 85 135015 16.22 353.70 4091.28 35.07 26.52 1000
536 91 135106 17.42 382.36 4184.44 52.82 33.29 400
537 387 135493 62.92 2005.01 26256.20 186.17 72.59 1500
538 386 135879 55.59 2002.56 26969.17 186.36 63.16 0
539 387 136266 56.80 2000.13 26587.64 189.86 82.71 1500
540 185 136451 26.78 915.29 12049.82 91.49 36.33 300
541 381 136832 48.63 2001.62 28003.35 163.23 57.08 0
542 382 137214 47.52 2001.42 27873.60 174.01 51.82 0
543 390 137604 69.60 2004.34 25584.83 194.99 72.59 1500
544 169 137773 26.51 816.05 10501.02 85.34 39.24 500
545 197 137970 26.32 979.30 13127.19 92.90 40.13 400
546 345 138315 55.41 1790.38 23401.22 169.55 72.03 1200
547 388 138703 45.94 2004.05 28130.52 169.35 61.02 0
548 390 139093 67.32 2002.05 25840.98 185.09 73.96 600
549 383 139476 49.59 2004.25 27929.29 165.33 50.71 0
550 384 139860 55.66 2004.45 27064.49 183.84 55.90 0
551 389 140249 56.35 2003.18 26779.21 206.44 72.41 0
552 383 140632 52.92 2000.53 27326.09 183.87 58.68 100
553 246 140878 40.84 1260.14 16180.05 130.30 58.49 300
554 85 140963 14.90 345.54 4114.39 39.91 27.60 200
555 381 141344 49.74 2002.28 27745.91 176.69 52.54 0
556 384 141728 68.10 2001.93 25304.76 209.32 86.10 500
557 229 141957 32.87 1141.97 15150.04 106.23 46.56 200
558 391 142348 57.03 2000.13 26764.73 193.85 74.58 700
559 146 142494 19.58 692.49 9177.57 71.19 31.53 200
560 85 142579 14.25 349.04 4175.25 42.63 29.43 700
561 262 142841 37.88 1324.18 17460.53 133.55 52.88 500
562 288 143129 37.51 1464.13 20061.28 133.13 52.96 300
563 124 143253 21.47 560.82 6793.30 66.55 32.75 300
564 298 143551 36.28 1532.47 21302.75 137.35 46.95 300
565 385 143936 64.32 2000.89 25760.99 195.73 91.57 1000
566 384 144320 64.74 2005.02 26148.48 183.62 71.06 300
567 382 144702 58.72 2004.37 27056.58 161.11 54.84 300
568 387 145089 61.71 2000.30 26322.10 193.19 77.89 0
569 60 145149 9.60 235.03 2697.58 34.87 18.28 400
570 205 145354 29.90 1033.39 13692.91 98.21 44.54 200
571 388 145742 62.01 2003.62 25998.20 203.31 83.03 600
572 379 146121 48.70 2000.67 27716.17 175.85 55.55 0
573 384 146505 56.14 2004.02 26882.39 193.87 62.50 400
574 117 146622 19.77 534.95 6506.96 59.32 27.93 600
575 386 147008 79.49 2005.03 24140.62 207.30 102.61 1500
576 48 147056 9.11 183.04 1897.71 29.92 18.08 300
577 379 147435 56.20 2002.52 27046.16 185.49 65.02 500
578 56 147491 13.03 202.38 1876.35 36.25 25.90 300
579 383 147874 55.52 2002.91 26930.24 187.74 68.06 200
580 117 147991 16.19 528.78 6827.88 57.38 27.88 300
581 386 148377 58.96 2002.55 26630.10 183.96 73.03 800
582 383 148760 64.38 2000.11 25880.10 194.78 80.64 1400
583 360 149120 56.38 1892.53 24742.73 185.30 70.34 800
584 312 149432 44.37 1616.06 21986.08 131.66 55.48 300
585 271 149703 46.59 1387.01 17607.97 142.02 57.99 700
