0 72 72 13.02 148.84 1625.24 15.66 28.19 300
1 76 148 8.92 164.45 2163.32 15.14 12.72 300
2 89 237 16.23 181.31 2156.94 17.06 13.03 700
3 85 322 15.88 185.89 2181.74 19.07 8.74 500
4 73 395 8.17 115.92 1506.32 15.50 9.60 400
5 99 494 14.30 223.78 2791.62 21.98 9.53 600
6 71 565 12.07 124.70 1199.41 23.49 20.89 300
7 75 640 59.48 332.81 -568.96 67.48 72.68 5600
8 72 712 56.72 318.85 -510.09 66.00 69.61 5400
9 71 783 54.19 315.41 -378.85 61.92 66.17 5000
10 78 861 62.18 354.46 -469.44 71.54 73.29 5600
11 28 889 14.83 79.26 -87.03 26.25 27.25 1000
12 44 933 29.26 168.37 -38.09 39.77 31.15 2300
13 71 1004 57.20 316.72 -425.10 63.31 58.43 5200
14 82 1086 26.11 315.04 2944.82 33.20 26.00 1500
15 71 1157 25.53 223.06 1741.82 26.88 24.66 400
16 68 1225 21.16 198.47 1789.75 20.76 19.10 700
17 71 1296 12.70 307.63 3822.27 15.58 13.21 400
18 27 1323 5.13 73.62 680.95 8.45 4.57 300
19 73 1396 16.65 322.23 3522.54 20.54 26.20 300
20 75 1471 18.34 342.28 3729.10 21.79 22.03 300
21 124 1595 43.12 603.26 5266.77 33.71 36.14 2100
22 146 1741 53.54 713.19 5704.22 49.96 49.14 2400
23 84 1825 29.76 391.64 3375.86 30.88 28.90 1300
24 214 2039 42.36 1075.26 13230.75 63.94 45.49 500
25 75 2114 19.58 333.16 3390.25 22.20 25.15 400
26 89 2203 26.96 361.20 2991.85 30.55 20.77 1000
27 210 2413 42.96 994.26 11771.15 60.12 39.29 1100
28 300 2713 51.86 1471.15 18729.80 93.61 62.40 600
29 387 3100 67.81 2000.85 25725.60 131.61 78.42 500
30 133 3233 27.36 640.03 7528.70 50.24 32.64 400
31 246 3479 45.31 1229.69 15459.35 88.61 58.19 300
32 146 3625 32.44 715.86 8291.73 59.46 35.57 800
33 75 3700 12.49 319.59 3918.99 32.62 21.19 400
34 147 3847 33.75 693.48 7352.07 63.24 37.36 800
35 380 4227 71.04 2005.61 25641.62 139.22 76.72 100
36 381 4608 59.56 2005.08 26627.14 152.49 70.51 0
37 252 4860 45.38 1296.72 16493.95 99.20 59.93 300
38 182 5042 33.86 909.91 11318.68 73.26 42.01 400
39 233 5275 35.21 1200.60 15978.85 93.69 61.08 300
40 79 5354 12.22 338.43 4263.04 32.76 26.62 300
41 380 5734 72.01 2001.09 25491.48 152.79 66.62 0
42 381 6115 62.93 2002.09 26507.18 151.98 78.33 0
43 242 6357 41.52 1230.04 15960.22 101.59 58.50 300
44 84 6441 16.57 361.99 4258.11 36.44 26.82 300
45 72 6513 16.35 292.32 3031.59 33.10 27.83 400
46 199 6712 32.96 1001.83 12871.12 89.99 53.65 300
47 156 6868 25.69 764.70 9763.23 64.74 48.70 300
48 380 7248 58.79 1990.52 26642.55 154.70 76.54 300
49 266 7514 37.89 1371.92 18664.05 107.31 53.79 300
50 382 7896 45.63 2003.72 28218.47 154.59 64.07 700
51 163 8059 24.90 771.56 10083.07 67.13 37.49 400
52 383 8442 48.74 2003.28 27798.69 161.12 72.66 0
53 376 8818 63.03 1918.83 24687.65 183.58 106.81 400
54 386 9204 36.20 2002.02 29507.99 145.01 47.21 0
55 229 9433 25.23 1143.89 16091.08 104.53 48.51 300
56 382 9815 45.47 2000.44 27896.19 170.40 70.45 0
57 297 10112 36.17 1532.82 21325.63 131.68 59.99 300
58 87 10199 12.98 375.24 4726.83 39.47 24.51 300
59 379 10578 44.15 2003.14 28572.76 141.03 56.90 0
60 309 10887 34.99 1589.49 22463.98 123.86 48.94 300
61 305 11192 40.89 1563.95 21464.74 124.50 43.77 400
62 383 11575 50.89 2002.10 27781.56 147.24 65.35 0
63 121 11696 16.13 543.82 7009.06 65.35 38.03 400
64 83 11779 10.74 333.69 4358.62 38.54 21.51 300
65 383 12162 44.92 2003.80 28381.28 150.91 65.64 0
66 166 12328 17.03 793.93 11198.76 71.42 35.27 300
67 292 12620 39.33 1482.20 20226.89 125.07 48.57 300
68 272 12892 30.65 1369.90 19469.27 106.38 44.47 300
69 381 13273 38.83 2001.83 29167.08 150.69 62.49 0
70 46 13319 8.73 162.77 1727.32 23.56 16.07 400
71 153 13472 17.20 744.53 10444.90 59.46 36.91 400
72 90 13562 9.51 369.15 5073.97 37.21 26.94 300
73 383 13945 40.73 2002.79 28653.81 159.14 67.52 0
74 308 14253 40.05 1560.35 21333.25 137.04 65.86 400
75 387 14640 47.79 2001.95 28123.67 154.64 56.07 400
76 389 15029 39.69 2000.45 28689.09 167.09 66.46 0
77 335 15364 37.19 1733.07 24530.74 141.51 79.00 200
78 80 15444 9.16 304.10 3996.89 33.50 26.60 300
79 385 15829 35.05 2005.36 29838.74 133.52 51.10 0
80 385 16214 40.90 2001.78 28980.44 151.06 61.79 0
81 346 16560 41.87 1765.25 24487.25 157.94 70.37 300
82 219 16779 24.87 1077.09 15050.18 101.68 57.26 200
83 305 17084 37.31 1574.29 21970.49 131.88 59.14 200
84 390 17474 38.31 2003.38 29186.49 157.81 57.69 0
85 237 17711 27.58 1169.07 16167.95 113.56 53.91 300
86 82 17793 10.23 344.87 4606.87 37.96 24.50 200
87 282 18075 38.55 1421.44 19505.48 121.48 57.70 300
88 213 18288 31.24 1066.10 13998.91 111.28 45.53 300
89 248 18536 44.64 1260.51 16082.01 106.65 63.83 1400
90 385 18921 49.19 2004.93 27531.10 190.74 82.94 0
91 43 18964 7.07 134.43 1402.86 27.59 16.69 300
92 387 19351 40.67 2003.67 28666.18 174.00 54.04 0
93 387 19738 50.88 2001.73 27308.21 185.93 80.74 500
94 385 20123 42.44 2001.74 28470.91 173.96 63.80 0
95 224 20347 24.85 1107.61 15205.20 121.05 62.91 200
96 77 20424 9.53 337.02 4469.79 39.25 22.85 300
97 90 20514 14.07 406.57 4888.24 55.31 29.18 400
98 161 20675 20.80 788.34 10646.88 79.36 32.35 300
99 139 20814 15.46 686.16 9466.19 71.03 33.55 300
100 88 20902 12.33 402.64 5253.34 44.96 25.61 200
101 381 21283 42.84 2000.66 28200.36 177.22 69.44 0
102 380 21663 41.50 2005.27 28614.58 160.77 56.62 0
103 381 22044 41.37 2003.04 28850.01 156.62 58.49 0
104 125 22169 16.78 605.49 8080.13 65.84 35.46 200
105 88 22257 13.36 396.99 4924.64 50.38 31.53 300
106 217 22474 28.52 1081.17 14735.44 100.91 42.31 300
107 381 22855 57.50 2003.36 26689.93 187.12 85.11 0
108 177 23032 24.26 898.72 12162.32 77.83 40.65 300
109 329 23361 37.63 1693.32 23997.69 145.17 54.84 200
110 369 23730 53.32 1942.45 26029.65 163.59 79.74 500
111 381 24111 39.13 2002.07 29048.88 143.57 54.02 0
112 127 24238 17.64 622.75 8339.76 54.12 27.08 300
113 300 24538 34.75 1564.04 22121.97 121.36 68.05 300
114 60 24598 12.24 241.61 2421.73 31.27 20.21 600
115 382 24980 49.72 2004.42 27731.50 160.22 71.13 0
116 43 25023 6.64 142.46 1600.23 23.61 14.83 300
117 383 25406 56.81 2000.67 26846.14 171.17 77.13 0
118 377 25783 51.35 2000.86 27490.51 155.66 73.55 0
119 380 26163 43.38 2001.90 28432.88 149.51 57.38 400
120 98 26261 14.18 457.12 5918.37 47.44 25.31 400
121 84 26345 11.82 379.23 4951.87 39.54 22.59 200
122 150 26495 20.84 742.45 9899.18 69.83 39.03 300
123 163 26658 20.27 796.13 10836.14 74.82 44.80 300
124 86 26744 12.71 377.22 4775.68 45.06 25.02 300
125 384 27128 47.29 2004.02 28003.61 159.05 70.24 0
126 229 27357 38.26 1153.21 14605.68 111.85 61.05 800
127 263 27620 34.87 1362.94 18517.70 116.32 52.66 200
128 332 27952 44.18 1716.18 23377.98 155.82 84.74 200
129 223 28175 35.48 1139.59 14601.46 113.84 65.63 700
130 381 28556 50.12 2003.70 27462.24 162.36 79.02 800
131 165 28721 18.45 811.06 11256.22 77.89 52.92 200
132 91 28812 15.46 403.74 4836.57 43.11 26.19 700
133 230 29042 29.39 1158.11 15949.84 98.49 58.45 300
134 89 29131 12.32 384.78 5072.83 41.94 24.48 200
135 382 29513 41.06 2004.34 28827.59 152.24 64.42 0
136 381 29894 36.36 2003.73 29140.39 159.06 51.66 0
137 386 30280 44.35 2000.36 28108.67 164.30 67.12 300
138 380 30660 34.55 2005.35 29433.67 154.23 60.23 0
139 380 31040 39.46 2001.60 28805.72 157.67 54.53 0
140 96 31136 15.78 431.77 5288.13 47.73 30.91 200
141 381 31517 51.02 2001.76 27382.64 166.24 62.09 600
142 381 31898 34.24 2004.24 29514.81 143.93 46.56 0
143 298 32196 38.84 1546.28 21293.16 125.15 55.13 200
144 282 32478 32.40 1464.82 20602.94 117.62 52.47 300
145 381 32859 45.40 2005.01 28015.20 171.80 61.53 0
146 268 33127 31.48 1377.67 19183.12 123.16 64.00 300
147 127 33254 15.49 597.95 8014.52 59.42 28.40 200
148 384 33638 48.94 2004.86 27497.04 177.41 98.77 0
149 381 34019 54.58 2001.34 27315.93 153.94 70.17 0
150 179 34198 20.66 883.36 12316.11 79.99 35.69 300
151 382 34580 58.62 2000.57 26170.14 178.00 75.10 1400
152 198 34778 26.41 983.66 13406.06 77.62 37.08 500
153 384 35162 45.10 2005.25 28048.31 166.65 67.78 0
154 386 35548 57.62 2000.55 27166.95 166.46 69.40 0
155 390 35938 58.93 2000.21 26477.40 173.04 74.73 300
156 382 36320 48.39 2005.18 27886.41 159.35 52.36 0
157 144 36464 21.62 695.03 9109.24 67.10 41.41 300
158 169 36633 26.26 821.83 10403.00 80.60 40.75 500
159 119 36752 27.28 550.11 5783.09 66.96 41.03 1400
160 382 37134 50.62 2002.47 27787.42 165.44 71.30 0
161 169 37303 19.28 847.51 11805.75 77.41 36.65 200
162 383 37686 44.53 2005.51 28451.32 150.84 51.57 0
163 383 38069 65.38 2003.66 26058.57 162.12 71.13 500
164 184 38253 24.65 908.70 12121.10 84.18 39.57 300
165 384 38637 56.00 2001.65 26991.41 158.68 52.29 800
166 285 38922 42.07 1474.32 19658.59 118.79 61.37 300
167 128 39050 32.82 618.42 6788.66 62.94 42.50 300
168 380 39430 43.97 2001.50 28370.00 154.31 58.34 0
169 380 39810 49.92 2005.14 27619.20 168.87 74.30 400
170 211 40021 33.39 1057.17 13939.93 97.49 46.20 300
171 383 40404 51.78 2002.61 27503.41 160.07 84.91 300
172 285 40689 40.76 1475.20 19749.92 125.91 49.15 400
173 386 41075 57.23 2002.48 26612.13 191.83 86.08 200
174 383 41458 41.73 2003.33 28633.27 154.17 55.05 0
175 386 41844 53.04 2005.42 27381.73 157.67 70.83 900
176 351 42195 38.06 1839.11 26150.17 141.69 51.28 300
177 384 42579 45.32 2003.82 28139.74 166.22 70.40 0
178 144 42723 17.94 681.79 9088.37 67.56 38.97 400
179 383 43106 46.14 2004.65 27835.57 180.18 73.76 0
180 383 43489 42.23 2004.65 28674.82 151.40 46.74 0
181 236 43725 29.87 1172.81 15972.28 100.43 48.88 300
182 350 44075 46.99 1809.79 24564.76 169.68 84.22 300
183 130 44205 16.47 608.59 8153.53 58.51 26.85 400
184 175 44380 19.49 833.99 11491.75 78.67 36.18 200
185 384 44764 43.84 2005.18 28367.47 161.80 68.19 0
186 379 45143 48.82 2004.00 28028.75 150.35 64.01 400
187 251 45394 34.50 1290.02 17486.80 108.06 43.68 400
188 381 45775 44.46 2004.16 28313.29 152.96 68.61 0
189 286 46061 40.14 1483.07 19993.50 123.64 69.20 500
190 366 46427 52.01 1921.33 26262.93 146.24 68.71 300
191 232 46659 34.83 1169.75 15618.77 93.53 54.93 300
192 383 47042 50.26 2004.28 28041.71 139.47 53.62 0
193 375 47417 57.76 1961.65 25887.71 164.81 94.73 300
194 380 47797 42.74 2003.06 28731.03 144.36 52.61 0
195 164 47961 24.77 808.70 10441.32 74.12 41.82 400
196 388 48349 44.95 2002.73 28189.87 156.94 58.28 600
197 385 48734 45.14 2000.61 28361.59 148.58 50.22 0
198 153 48887 23.52 752.38 9793.97 66.54 42.47 300
199 383 49270 36.59 2003.79 29308.81 152.22 57.66 0
200 127 49397 17.62 601.49 7831.18 55.66 34.57 500
201 384 49781 39.28 2003.99 28643.84 169.59 53.52 0
202 385 50166 47.42 2005.09 27990.16 164.31 71.24 300
203 126 50292 14.84 605.04 8432.55 51.56 25.66 200
204 386 50678 60.16 2004.02 26551.78 166.49 80.68 1000
205 42 50720 10.91 141.53 1210.99 19.03 23.73 400
206 386 51106 55.84 2004.51 26924.86 159.77 60.01 1100
207 99 51205 12.83 405.07 5346.21 46.08 21.81 400
208 381 51586 39.78 2001.04 28723.29 160.82 55.33 0
209 101 51687 17.35 432.58 5157.42 49.54 23.92 400
210 282 51969 34.53 1427.15 19608.58 126.99 54.88 400
211 93 52062 12.09 385.81 5005.83 44.63 21.62 300
212 157 52219 16.92 743.92 10411.66 70.49 36.99 400
213 375 52594 72.10 1911.15 24012.34 159.69 95.95 1900
214 194 52788 23.04 939.05 12925.06 81.95 54.63 300
215 83 52871 10.18 319.79 4209.20 37.80 19.63 300
216 381 53252 66.14 2000.52 25955.12 159.28 91.45 1300
217 384 53636 52.22 2000.47 27242.46 165.27 73.90 100
218 384 54020 37.23 2002.64 29265.32 142.95 51.60 0
219 45 54065 7.96 142.78 1495.62 26.98 21.60 300
220 211 54276 20.40 1037.43 14832.98 95.75 46.27 200
221 307 54583 48.53 1546.15 19923.66 146.24 93.17 1600
222 76 54659 9.18 293.96 3763.91 37.79 24.52 200
223 383 55042 34.39 2002.62 29382.31 153.29 60.54 0
224 61 55103 9.28 194.98 2191.83 32.25 25.29 200
225 245 55348 28.13 1183.08 16609.84 93.81 37.83 300
226 386 55734 43.41 2004.91 28526.29 158.08 66.28 0
227 311 56045 39.22 1592.71 22055.25 129.66 61.28 200
228 285 56330 43.84 1456.29 19404.54 121.51 60.54 800
229 387 56717 44.93 2002.12 28149.33 166.21 71.85 0
230 95 56812 14.91 424.69 5367.48 42.74 26.17 200
231 242 57054 31.09 1231.41 17014.88 96.50 53.11 300
232 388 57442 45.70 2003.08 28429.27 139.58 57.37 0
233 386 57828 58.02 2002.17 26764.76 162.47 76.17 0
234 176 58004 38.85 857.57 9813.06 90.54 55.59 900
235 86 58090 12.13 365.44 4649.44 37.70 20.97 200
236 285 58375 44.41 1452.80 19095.69 126.25 63.43 300
237 384 58759 58.82 2003.49 26617.03 176.63 96.44 400
238 85 58844 13.21 292.42 3583.80 37.99 26.46 200
239 378 59222 43.86 2000.55 28709.63 135.84 49.86 0
240 383 59605 57.73 2005.07 26959.58 170.15 73.13 0
241 198 59803 37.16 971.53 11893.94 92.82 61.19 300
242 366 60169 41.33 1821.28 25812.95 146.15 76.36 300
243 386 60555 48.36 2001.13 28064.52 152.21 62.09 0
244 397 60952 62.73 2003.03 26762.47 156.49 84.92 600
245 211 61163 36.77 997.46 12698.92 88.89 50.90 300
246 88 61251 11.57 304.00 3814.84 43.56 31.15 300
247 143 61394 17.67 611.39 8352.84 57.39 25.88 400
248 327 61721 47.21 1629.84 22034.06 142.93 69.96 300
249 397 62118 48.68 2003.65 27987.58 160.70 75.21 0
250 387 62505 49.18 2004.88 28128.10 149.28 53.31 0
251 43 62548 8.97 122.11 1208.25 18.08 18.37 200
252 389 62937 44.61 2004.01 28572.65 143.30 54.58 0
253 387 63324 45.72 2000.35 28697.83 132.78 58.68 0
254 387 63711 47.22 2005.27 28403.18 145.09 47.46 0
255 386 64097 51.16 2001.63 27992.77 149.95 60.61 0
256 174 64271 29.58 864.95 11144.85 74.43 34.12 500
257 297 64568 39.42 1507.75 20931.77 115.23 58.25 200
258 159 64727 22.06 739.64 9931.28 62.21 35.07 200
259 326 65053 50.02 1652.72 22052.41 137.09 81.31 200
260 391 65444 47.85 2005.35 28281.51 152.91 67.28 0
261 44 65488 9.50 151.74 1413.35 21.33 15.80 200
262 384 65872 56.76 2000.29 27283.99 147.19 76.56 0
263 151 66023 22.56 713.72 9362.03 58.19 32.14 400
264 87 66110 10.47 362.30 4901.24 35.77 22.63 200
265 303 66413 38.47 1541.35 21338.21 117.29 51.24 200
266 320 66733 64.32 1604.16 19443.56 138.07 84.77 2100
267 193 66926 29.48 912.90 11944.27 77.21 45.70 800
268 370 67296 50.47 1884.69 25775.26 148.46 67.91 300
269 90 67386 15.33 405.28 5014.42 41.47 27.06 300
270 85 67471 13.21 355.90 4472.97 37.44 27.71 200
271 133 67604 20.26 612.29 7996.67 49.34 27.55 500
272 250 67854 31.84 1263.33 17632.89 95.96 50.45 300
273 86 67940 13.34 361.23 4555.06 39.05 25.65 200
274 90 68030 11.53 356.05 4604.72 36.02 26.40 300
275 385 68415 57.18 2004.79 27408.57 151.34 73.99 1200
276 261 68676 34.87 1275.84 17477.29 107.65 52.13 400
277 289 68965 39.41 1483.87 20345.52 122.42 59.90 300
278 381 69346 50.66 2001.50 27982.56 151.21 58.67 0
279 384 69730 49.15 2004.37 28161.10 155.31 70.59 0
280 373 70103 54.46 1932.42 26231.57 140.26 71.15 300
281 150 70253 16.62 722.49 10096.98 66.69 40.12 300
282 387 70640 46.47 2003.40 28140.05 164.71 72.14 0
283 230 70870 33.09 1104.31 14653.06 102.23 61.13 300
284 305 71175 44.12 1525.50 20751.82 124.70 63.66 300
285 386 71561 43.62 2004.23 28511.00 155.77 65.35 0
286 388 71949 52.47 2002.81 27602.33 158.54 68.61 0
287 397 72346 40.86 2002.98 29062.81 149.11 59.33 0
288 249 72595 31.99 1192.08 16290.81 102.30 53.95 200
289 288 72883 54.03 1433.34 17721.20 131.05 72.28 1600
290 397 73280 44.01 2000.91 28549.42 164.72 64.76 0
291 43 73323 16.10 147.32 681.48 22.06 18.32 1300
292 168 73491 27.37 799.71 10253.09 77.11 43.44 300
293 385 73876 54.88 2000.68 27322.23 150.52 57.58 800
294 392 74268 40.94 2001.94 29108.18 147.30 45.78 0
295 52 74320 24.81 140.25 -72.77 23.69 27.13 1700
296 335 74655 45.25 1702.99 23181.21 137.25 69.10 1000
297 385 75040 49.77 1980.12 26872.60 177.57 100.68 700
298 385 75425 52.59 2001.04 27319.25 164.34 69.49 0
299 205 75630 34.47 990.92 12711.17 79.72 40.16 700
300 370 76000 52.44 1917.81 26054.71 152.81 72.11 900
301 81 76081 16.27 323.98 3741.33 32.92 16.47 800
302 140 76221 22.38 614.54 7672.42 57.84 30.07 800
303 288 76509 44.40 1454.69 19318.93 125.21 61.42 600
304 388 76897 55.87 2005.02 27170.47 165.49 72.78 500
305 154 77051 17.63 706.74 9632.76 70.46 35.51 200
306 392 77443 78.28 1969.73 24125.03 164.45 94.04 2000
307 233 77676 28.17 1136.03 15657.01 103.96 49.22 300
308 383 78059 46.91 2004.09 28288.87 152.01 58.81 0
309 174 78233 22.78 840.55 11411.21 72.34 35.42 300
310 389 78622 45.70 2000.88 28165.40 165.98 63.31 0
311 130 78752 20.55 600.26 7735.59 52.88 27.94 500
312 302 79054 36.70 1514.79 20991.68 129.80 64.27 200
313 389 79443 58.94 2002.68 26939.91 158.25 78.21 600
314 387 79830 46.50 2000.66 28165.62 160.21 55.20 0
315 391 80221 52.26 2001.57 27730.43 154.99 68.17 300
316 399 80620 62.19 2004.18 26279.99 178.81 77.45 1500
317 386 81006 43.49 2005.23 28623.76 154.98 57.51 0
318 391 81397 51.85 2002.20 27272.44 179.23 75.66 800
319 397 81794 46.87 2000.62 28229.86 154.85 60.67 0
320 128 81922 20.81 537.48 6678.31 63.36 40.65 300
321 382 82304 66.75 2002.70 25678.24 167.87 87.46 1900
322 387 82691 37.41 2003.97 29132.40 155.22 49.11 0
323 94 82785 12.08 342.69 4308.33 43.13 27.35 200
324 396 83181 44.63 2004.93 28537.41 158.49 47.06 0
325 391 83572 40.31 2001.97 28748.58 160.85 58.05 0
326 311 83883 40.05 1561.46 21343.88 140.03 67.58 500
327 388 84271 40.24 2001.63 28559.53 165.04 62.84 0
328 385 84656 56.46 2003.93 27012.56 165.60 78.33 300
329 394 85050 54.86 2005.27 27083.57 176.60 70.90 400
330 111 85161 23.99 453.49 4930.50 55.88 44.68 1000
331 261 85422 39.19 1289.10 17020.63 113.04 60.08 700
332 391 85813 53.56 2000.23 27012.65 173.65 60.58 1000
333 116 85929 14.32 511.59 6880.88 53.40 26.76 200
334 87 86016 13.99 357.09 4368.70 44.72 30.19 200
335 143 86159 17.36 655.58 8899.93 62.30 31.06 300
336 387 86546 39.78 2000.98 28822.91 168.02 56.65 0
337 95 86641 15.64 368.37 4246.87 42.35 30.03 600
338 395 87036 51.61 2003.14 27272.34 184.36 82.66 600
339 397 87433 40.90 2003.69 28734.47 171.72 63.57 0
340 390 87823 39.98 2001.34 28943.09 154.07 48.17 0
341 266 88089 40.72 1287.83 16824.03 119.66 65.00 500
342 394 88483 46.64 2003.82 27772.22 190.89 62.97 100
343 388 88871 39.37 2003.85 28881.74 165.97 49.71 0
344 222 89093 30.38 1084.15 14527.03 96.56 47.92 700
345 392 89485 67.95 2001.75 25663.78 182.14 85.04 2000
346 388 89873 40.59 2003.98 28810.76 161.11 49.86 0
347 78 89951 13.41 306.98 3716.19 39.45 24.17 300
348 388 90339 69.02 2003.51 25294.01 194.90 95.01 1500
349 387 90726 46.17 2003.70 27750.38 187.81 64.04 0
350 134 90860 26.65 621.58 7153.15 63.91 27.74 1000
351 369 91229 50.26 1913.38 26025.08 172.08 68.69 200
352 389 91618 50.83 2004.19 27523.49 186.10 64.27 0
353 387 92005 49.28 2001.15 27513.45 183.57 66.67 0
354 275 92280 69.20 1388.79 15211.48 151.14 83.80 2600
355 294 92574 48.84 1488.60 19298.14 131.84 61.75 1400
356 387 92961 53.68 2000.13 27053.56 176.81 82.32 700
357 129 93090 23.73 610.72 7423.78 62.88 35.86 500
358 214 93304 43.79 1091.44 13134.72 107.14 60.43 1600
359 298 93602 48.57 1512.67 19500.40 144.00 66.29 400
360 326 93928 44.39 1665.65 22708.69 141.99 64.45 700
361 382 94310 66.82 2001.35 25943.73 180.81 82.87 2300
362 191 94501 26.46 919.65 12355.83 89.30 37.55 200
363 385 94886 56.57 2004.47 26804.57 184.26 83.74 100
364 151 95037 19.39 715.93 9535.55 73.46 41.70 300
365 385 95422 56.61 2003.66 26818.14 166.18 63.23 500
366 86 95508 14.99 380.02 4582.53 45.12 21.42 300
367 382 95890 55.61 2004.98 26924.21 183.29 65.32 0
368 391 96281 47.65 2005.43 27775.58 175.20 46.90 400
369 383 96664 60.19 2001.02 26582.44 170.39 55.44 1300
370 389 97053 68.11 2003.45 25960.45 174.47 77.90 1400
371 250 97303 39.45 1253.20 16241.97 122.84 61.03 600
372 88 97391 12.62 358.83 4556.58 43.27 28.17 200
373 385 97776 59.88 1983.33 26312.93 171.42 77.58 1300
374 85 97861 13.16 359.44 4429.75 46.71 27.24 200
375 92 97953 14.57 385.77 4706.08 49.05 24.99 300
376 383 98336 41.67 2004.60 28488.45 165.69 49.14 0
377 389 98725 68.01 2003.73 25501.68 207.79 85.81 1300
378 164 98889 31.81 796.16 9479.21 87.40 47.76 800
379 191 99080 30.72 922.76 11802.79 93.92 53.07 300
380 389 99469 42.24 2001.09 28465.15 178.82 57.87 0
381 203 99672 45.13 972.34 11064.39 109.06 51.20 1700
382 224 99896 48.14 1061.08 12428.26 113.76 65.60 1400
383 158 100054 21.40 755.16 10051.07 77.23 33.70 300
384 373 100427 53.83 1923.07 25816.78 176.05 69.74 600
385 383 100810 51.39 2001.26 27100.11 194.35 77.92 400
386 385 101195 48.48 2000.44 27711.64 179.72 65.54 1300
387 90 101285 15.64 382.06 4610.21 47.51 28.35 300
388 59 101344 12.88 175.01 1540.90 32.88 29.91 700
389 292 101636 52.14 1473.23 18573.75 145.09 71.96 2400
390 386 102022 44.47 2005.27 28428.24 163.30 57.03 0
391 60 102082 8.66 177.74 2086.78 33.26 21.92 300
392 391 102473 43.92 2001.54 28426.39 185.57 63.51 0
393 49 102522 16.02 144.46 653.11 30.12 18.38 1000
394 383 102905 61.17 2001.42 26418.98 179.88 80.37 1700
395 370 103275 45.43 1917.14 26532.54 171.71 68.13 400
396 390 103665 54.90 2005.03 26905.52 198.14 84.77 1000
397 155 103820 26.06 729.11 8947.44 84.02 48.06 700
398 389 104209 37.77 2002.49 29133.66 163.62 53.06 0
399 387 104596 40.45 2003.37 28426.35 189.51 67.15 0
400 186 104782 41.36 907.17 10303.42 93.65 40.05 1900
401 388 105170 43.39 2003.85 28450.27 170.56 62.05 300
402 189 105359 21.18 903.35 12624.03 87.29 31.78 400
403 84 105443 9.63 325.23 4213.41 45.91 27.69 200
404 383 105826 38.24 1979.17 28392.79 166.78 56.58 300
405 387 106213 43.03 2002.43 28235.62 183.36 66.51 0
406 387 106600 46.46 2004.09 28227.52 170.09 56.20 200
407 386 106986 38.06 2001.13 28810.84 173.10 56.98 0
408 386 107372 35.78 2000.63 29119.86 173.52 52.69 0
409 386 107758 40.98 2001.43 28656.89 174.35 59.18 600
410 384 108142 40.72 2000.94 28533.21 174.68 62.64 0
411 386 108528 47.78 2003.94 27823.89 176.00 52.31 300
412 388 108916 92.69 2002.70 22976.15 208.43 100.27 4200
413 239 109155 34.02 1179.46 15619.89 124.96 60.21 300
414 390 109545 42.48 2005.27 28274.37 199.12 74.93 0
415 391 109936 65.78 2001.04 25752.72 216.18 90.01 1900
416 387 110323 45.94 2003.27 27647.46 199.47 85.23 900
417 387 110710 54.61 2000.72 26881.87 199.37 70.56 1200
418 394 111104 59.08 2001.43 26460.54 200.16 75.18 800
419 165 111269 20.49 760.69 10267.32 80.02 39.25 300
420 391 111660 50.13 2001.99 27530.77 188.47 59.35 0
421 252 111912 37.27 1261.62 16710.79 116.58 53.77 1000
422 386 112298 56.64 2005.05 26499.13 184.93 86.61 1700
423 269 112567 31.52 1358.02 18869.12 128.99 45.92 200
424 386 112953 44.27 2003.05 28305.34 179.08 62.42 900
425 62 113015 11.34 221.71 2278.88 33.46 27.56 500
426 90 113105 16.07 395.64 4768.57 47.65 26.86 1000
427 386 113491 57.79 2000.99 26357.65 209.36 76.72 1500
428 366 113857 38.55 1872.11 26503.34 180.26 57.88 200
429 384 114241 35.57 2004.80 29108.25 179.63 61.08 0
430 181 114422 30.77 864.90 10767.58 93.25 47.71 700
431 387 114809 40.59 2001.67 28459.18 184.06 60.10 0
432 385 115194 42.61 2003.09 28398.22 174.42 48.46 0
433 92 115286 14.40 383.92 4769.81 44.72 23.60 300
434 86 115372 20.16 343.68 3480.32 43.34 31.43 1100
435 225 115597 21.10 1116.39 16171.71 98.65 32.88 300
436 388 115985 41.69 2000.47 28742.83 168.90 50.85 0
437 386 116371 46.80 2001.82 28011.12 176.80 57.80 0
438 305 116676 66.59 1539.25 17787.81 167.98 96.70 2300
439 296 116972 49.13 1484.20 18747.03 156.00 73.65 600
440 80 117052 20.62 335.23 3149.90 44.91 33.82 1100
441 349 117401 102.25 1756.50 16235.30 213.02 144.52 2500
442 324 117725 33.56 1671.39 23695.39 162.96 57.18 300
443 143 117868 16.59 678.47 9205.30 70.46 31.14 300
444 156 118024 22.35 728.31 9292.83 85.85 43.33 700
445 90 118114 11.90 378.05 4826.70 50.47 22.37 300
446 391 118505 44.43 2003.37 27910.63 195.75 67.47 0
447 395 118900 62.60 2005.41 26319.00 192.34 69.26 1800
448 388 119288 50.39 2004.43 27558.01 181.51 61.80 300
449 192 119480 40.06 926.80 10915.18 95.62 52.27 1200
450 339 119819 48.97 1720.29 22887.89 172.47 75.33 300
451 254 120073 32.84 1278.91 17342.69 127.91 54.69 300
452 233 120306 32.11 1148.86 15453.14 107.55 52.66 200
453 199 120505 28.26 922.95 12162.74 104.01 43.75 400
454 390 120895 43.72 2003.46 28412.69 181.49 57.60 0
455 101 120996 15.73 422.05 5163.85 49.02 23.33 300
456 394 121390 53.01 2004.58 27324.64 183.40 70.60 900
457 384 121774 43.96 2000.38 27952.03 193.88 56.81 0
458 114 121888 23.60 483.55 5548.44 55.77 34.41 500
459 236 122124 32.40 1190.17 16342.77 82.11 45.25 300
460 386 122510 67.23 2002.03 25538.10 183.12 75.79 1600
461 387 122897 67.36 2003.46 25480.97 197.85 80.43 1000
462 310 123207 42.24 1576.02 21267.00 151.36 62.31 200
463 177 123384 36.93 846.37 9905.54 88.08 43.17 1600
464 387 123771 43.01 2004.39 28575.23 169.38 52.14 0
465 99 123870 13.55 401.45 5166.42 50.35 26.15 400
466 83 123953 13.19 314.94 3732.94 42.56 26.80 300
467 86 124039 12.97 353.73 4443.96 38.30 24.81 200
468 360 124399 54.06 1840.30 24239.32 189.95 93.24 1100
469 130 124529 15.70 573.43 7692.96 60.57 21.32 300
470 167 124696 17.01 799.53 11170.63 82.99 36.22 300
471 216 124912 41.56 1040.61 12575.21 114.08 63.83 1700
472 385 125297 48.43 2000.48 27502.03 183.11 80.06 400
473 316 125613 33.24 1625.01 23011.01 152.43 55.61 200
474 382 125995 44.57 2000.69 27783.78 192.26 64.65 0
475 263 126258 35.13 1329.78 18084.11 120.66 42.83 600
476 388 126646 36.58 2001.55 29004.49 171.23 47.11 0
477 77 126723 9.63 290.12 3643.26 42.04 22.95 300
478 158 126881 21.77 770.03 9916.87 84.84 40.55 300
479 385 127266 50.68 2000.32 27501.60 179.18 66.14 1000
480 389 127655 51.77 2004.79 27402.93 172.15 70.01 500
481 232 127887 35.89 1151.89 14695.80 122.17 51.81 300
482 385 128272 41.93 2002.64 28459.83 174.94 67.34 500
483 384 128656 39.98 2003.16 28716.38 172.00 64.71 0
484 385 129041 62.83 2005.37 25865.98 203.20 91.91 900
485 222 129263 23.89 1051.25 14740.40 98.37 40.59 300
486 326 129589 39.43 1675.87 22998.88 163.44 76.28 300
487 85 129674 12.01 356.68 4579.41 47.95 23.26 200
488 384 130058 46.48 2004.07 27793.49 186.74 68.39 0
489 181 130239 24.83 887.09 11856.27 83.55 33.26 300
490 220 130459 31.07 1089.83 14392.73 102.64 40.23 900
491 144 130603 15.81 658.03 8940.74 70.82 32.20 300
492 269 130872 31.20 1361.46 18912.22 131.99 54.42 300
493 284 131156 34.92 1452.19 19957.90 125.15 50.05 200
494 300 131456 46.50 1557.01 20544.15 132.67 56.58 1100
495 383 131839 45.40 2005.25 28053.28 176.76 70.16 0
496 43 131882 8.39 131.87 1202.13 23.62 16.73 300
497 349 132231 46.79 1806.49 24583.31 159.76 65.92 200
498 159 132390 21.51 773.75 10370.46 71.72 37.49 300
499 382 132772 54.83 2001.93 26955.32 171.32 74.90 300
500 272 133044 39.67 1382.38 18489.37 125.85 56.24 200
501 87 133131 22.46 378.71 3555.69 55.93 34.92 1300
502 385 133516 33.37 2000.79 29492.91 161.46 51.54 0
503 36 133552 10.78 93.36 559.18 21.08 23.49 300
504 306 133858 47.32 1560.40 20447.40 143.35 67.74 1400
505 289 134147 39.19 1453.74 19641.79 140.96 62.31 300
506 384 134531 41.58 2001.15 28643.43 162.47 60.17 0
507 53 134584 14.48 132.29 1036.90 25.32 20.01 600
508 179 134763 24.76 841.63 11177.65 88.01 34.72 200
509 93 134856 14.08 397.88 5026.35 48.06 21.85 400
510 89 134945 11.46 370.84 4776.21 49.64 22.59 300
511 389 135334 47.59 2004.31 27994.37 172.82 61.55 0
512 128 135462 23.62 564.88 6654.67 61.93 40.18 800
513 125 135587 15.57 576.82 7512.30 64.86 34.94 200
514 385 135972 57.27 2000.78 26852.74 185.25 85.51 1800
515 387 136359 38.44 2004.59 29006.07 168.58 54.02 0
516 153 136512 18.92 701.12 9449.49 64.68 40.31 300
517 378 136890 44.39 1951.35 27350.00 160.38 58.92 200
518 164 137054 21.28 759.31 10169.66 69.45 38.66 300
519 385 137439 38.36 2002.71 29083.18 162.22 61.08 0
520 392 137831 49.60 2001.44 27656.61 172.56 55.28 0
521 123 137954 21.37 534.65 6368.82 64.56 40.36 300
522 384 138338 47.34 2000.93 27671.21 178.07 72.25 0
523 115 138453 25.88 532.88 6035.55 59.57 28.47 900
524 147 138600 30.24 686.58 8175.79 70.39 32.23 1100
525 394 138994 46.83 2003.20 28162.54 166.04 73.43 0
526 389 139383 44.43 2002.73 28041.85 190.21 81.22 0
527 235 139618 36.34 1177.01 15095.17 120.66 59.63 700
528 385 140003 45.14 2003.08 28358.79 161.97 70.85 600
529 56 140059 7.43 195.17 2437.72 29.88 22.96 300
530 235 140294 27.25 1160.12 15981.56 108.87 59.34 300
531 383 140677 40.95 2002.93 28554.58 159.80 53.44 0
532 88 140765 17.45 326.88 3571.71 44.22 30.51 300
533 391 141156 40.39 2004.64 28921.65 160.16 62.72 0
534 389 141545 46.66 2002.00 27976.62 173.12 64.16 800
535 103 141648 20.09 414.61 4890.35 46.77 18.39 700
536 151 141799 14.97 687.92 9676.81 64.23 33.21 300
537 389 142188 49.33 2001.51 27974.38 159.91 60.69 0
538 50 142238 16.31 129.79 695.51 28.71 23.91 1100
539 389 142627 56.37 2001.65 26985.71 171.27 57.34 0
540 375 143002 45.93 1936.75 26998.03 156.23 64.19 200
541 215 143217 44.95 1043.17 12135.84 110.99 59.93 1400
542 296 143513 44.91 1469.66 19526.65 121.41 61.71 1400
543 246 143759 32.45 1196.00 16259.87 118.35 57.62 300
544 90 143849 10.82 370.43 4854.61 39.25 26.34 300
545 81 143930 14.49 319.90 3632.01 39.09 28.32 500
546 133 144063 20.58 595.76 7606.86 59.38 25.77 500
547 390 144453 56.38 2004.66 27128.31 171.66 70.21 700
548 158 144611 30.62 729.73 8689.49 78.23 54.98 600
549 138 144749 18.20 651.94 8626.66 70.55 39.08 200
550 385 145134 52.75 2000.63 27361.05 171.19 61.34 300
551 388 145522 40.06 2004.49 28691.11 168.33 57.35 0
552 254 145776 34.21 1227.92 16337.81 116.90 43.35 600
553 360 146136 64.45 1853.56 23254.53 180.45 76.26 1200
554 385 146521 41.27 2001.85 28487.54 167.64 52.75 0
555 385 146906 50.05 2000.05 27449.78 184.71 70.79 300
556 384 147290 61.67 2004.82 26271.19 169.77 62.74 1300
557 134 147424 21.98 636.33 7940.10 72.05 33.88 300
558 152 147576 24.96 714.82 8861.90 79.97 39.54 700
559 387 147963 57.78 2003.15 26540.36 189.77 71.98 1300
560 53 148016 12.59 152.67 1324.08 34.78 31.77 300
561 268 148284 47.09 1362.77 16968.42 130.92 72.54 1400
562 159 148443 21.00 759.69 10095.46 75.65 40.14 300
563 200 148643 28.95 994.61 13145.70 98.29 31.40 400
564 303 148946 63.67 1561.15 18702.81 147.92 79.04 1700
565 384 149330 57.14 2002.31 27119.79 168.39 59.03 0
566 130 149460 26.57 610.93 6927.84 76.51 38.05 1100
567 152 149612 19.02 732.59 9937.64 70.60 31.38 200
568 292 149904 43.53 1486.10 19801.98 132.56 66.36 600
