0 57 56 24.92 135.19 -9.24 27.91 39.88 19000
0 65 64 16.54 226.39 11.37 30.90 20.82 8000
0 68 67 13.33 206.07 11.70 29.72 15.15 4000
0 65 64 19.60 203.52 6.18 37.58 30.76 13000
0 68 67 18.67 233.57 10.15 35.40 20.09 10000
0 81 80 19.35 284.23 17.49 46.05 28.04 14000
0 74 73 23.52 275.46 10.95 37.16 24.17 16000
0 64 63 13.70 212.47 12.61 27.04 15.83 5000
0 77 76 18.48 291.91 19.54 33.37 22.06 8000
0 68 67 19.90 218.02 8.26 30.67 24.41 11000
0 65 64 23.47 227.12 3.51 31.97 27.29 16000
0 66 65 15.12 189.09 8.09 33.43 26.24 6000
0 71 70 23.87 235.42 5.27 38.50 32.34 22000
0 58 57 11.53 171.03 8.42 27.54 21.40 3000
0 85 84 22.36 304.84 18.92 45.12 28.38 13000
0 72 71 22.41 263.21 9.56 39.24 37.79 13000
0 69 68 12.82 235.65 14.97 32.64 16.87 7000
0 70 69 13.89 204.79 10.27 36.20 27.61 9000
0 61 60 16.67 196.59 5.69 35.52 22.81 9000
0 67 66 18.00 209.75 7.49 28.24 18.11 11000
0 74 73 21.16 265.95 12.17 33.86 20.08 17000
0 70 69 19.69 229.75 7.44 34.84 30.39 16000
0 55 54 13.56 188.20 7.35 27.34 16.41 8000
0 64 63 13.40 195.08 9.93 28.63 24.53 4000
0 66 65 13.69 209.45 9.59 31.57 15.20 10000
0 65 64 18.84 226.90 7.19 32.88 32.11 14000
0 70 69 10.35 164.68 8.13 38.24 30.54 6000
0 60 59 9.11 171.53 9.66 30.87 14.83 3000
0 68 67 17.70 226.58 9.93 32.41 37.93 10000
0 72 71 15.27 232.13 12.51 38.43 26.28 9000
1 57 56 13.32 159.29 3.35 27.17 12.94 7000
1 75 74 14.11 251.99 16.43 36.42 29.23 7000
1 62 61 18.00 202.67 5.53 29.82 30.53 16000
1 69 68 14.08 205.13 11.13 32.46 18.00 5000
1 59 58 17.71 203.58 5.42 28.76 24.46 16000
1 80 79 22.94 289.00 14.70 34.46 26.24 15000
1 72 71 18.23 260.64 14.46 36.22 27.04 8000
1 94 93 31.63 407.51 20.76 36.53 24.42 20000
1 75 74 17.41 258.73 15.74 39.06 14.97 7000
1 57 56 13.84 169.96 5.54 26.94 14.26 9000
1 147 146 50.76 559.22 32.01 68.75 43.93 33000
1 74 73 24.29 222.09 5.59 37.16 21.77 21000
1 66 65 24.55 234.06 4.65 32.38 19.05 18000
1 64 63 15.24 216.12 10.11 29.87 15.93 5000
1 59 58 10.13 170.02 7.99 33.79 15.23 4000
1 54 53 12.72 157.69 5.17 23.14 15.69 5000
1 146 145 55.33 662.25 39.28 61.99 45.84 39000
1 76 75 11.93 285.30 24.92 35.27 14.77 3000
1 61 60 19.70 198.75 5.92 32.51 21.71 15000
1 63 62 15.50 224.59 9.99 31.48 24.35 4000
1 136 135 53.94 576.38 26.82 66.16 59.09 39000
1 74 73 18.50 258.53 13.14 37.89 28.34 8000
1 69 68 13.64 241.02 14.29 37.02 21.18 6000
1 84 83 32.70 313.85 10.56 38.10 28.30 21000
1 72 71 19.14 215.49 8.02 35.24 16.22 12000
1 71 70 15.26 257.77 16.45 32.06 20.55 5000
2 61 60 12.38 183.89 8.40 32.98 22.73 5000
2 85 84 19.87 287.22 19.31 36.82 18.41 6000
2 77 76 21.63 252.79 9.63 34.70 25.51 14000
2 55 54 9.15 164.13 7.87 24.25 12.74 3000
2 66 65 13.69 219.99 12.38 34.02 18.09 4000
2 66 65 12.83 233.94 14.47 29.36 20.11 3000
2 62 61 15.46 200.25 7.51 30.19 26.36 9000
2 56 55 11.61 173.52 7.32 25.69 13.03 4000
2 64 63 14.34 210.04 9.89 33.15 17.11 7000
2 78 77 14.89 284.64 21.08 37.56 21.81 6000
2 68 67 18.92 257.43 11.94 31.45 22.04 11000
2 59 58 10.26 173.05 9.57 27.77 11.64 3000
2 67 66 15.03 215.42 10.72 32.60 29.11 5000
2 61 60 12.33 210.62 11.79 29.33 18.08 7000
2 67 66 19.83 225.02 6.92 33.07 26.18 14000
2 69 68 15.53 257.63 15.41 34.77 19.20 6000
2 57 56 12.44 156.42 3.60 28.66 31.64 9000
2 58 57 9.34 174.79 9.13 31.02 15.39 4000
2 135 134 49.93 562.75 29.20 62.24 51.69 33000
2 80 79 24.29 272.29 12.69 37.99 19.22 14000
2 66 65 17.37 208.25 8.46 32.37 33.35 10000
2 74 73 17.14 247.52 13.89 35.82 19.35 11000
2 68 67 12.21 212.56 13.49 27.44 17.15 7000
2 66 65 13.56 224.98 14.16 31.36 17.48 5000
2 77 76 20.71 243.91 11.62 37.71 17.65 13000
2 61 60 12.46 216.26 11.22 30.74 23.22 6000
2 73 72 16.81 219.92 9.79 43.13 25.15 12000
2 69 68 15.64 220.16 10.59 33.90 25.95 7000
2 60 59 13.77 203.96 9.73 25.44 21.11 4000
3 74 73 17.31 275.97 16.39 33.99 19.48 13000
3 86 85 17.90 318.74 23.00 42.93 13.59 11000
3 60 59 10.76 184.15 9.69 27.14 16.90 4000
3 56 55 11.36 173.55 8.01 25.76 13.95 5000
3 68 67 14.34 249.89 15.72 30.55 20.19 4000
3 71 70 14.38 224.03 13.30 35.14 14.73 4000
3 69 68 17.52 222.96 9.52 38.11 36.01 3000
3 76 75 13.75 266.08 19.00 36.92 19.39 5000
3 69 68 16.47 240.07 12.76 35.35 23.27 11000
3 66 65 16.40 235.95 12.08 28.21 28.46 8000
3 60 59 13.55 197.88 8.53 29.36 18.85 5000
3 60 59 11.59 205.27 10.33 34.66 28.17 7000
3 61 60 14.03 193.56 7.69 32.90 29.71 9000
3 68 67 19.17 225.18 7.92 37.07 28.34 11000
3 68 67 15.39 235.15 11.96 31.78 21.30 9000
3 76 75 15.83 266.72 17.26 37.29 16.92 8000
3 55 54 12.78 187.88 7.61 27.07 19.33 7000
3 57 56 18.63 186.36 3.54 27.56 20.17 10000
3 89 88 18.93 344.65 26.42 40.49 22.82 6000
3 73 72 20.68 219.89 7.43 39.76 23.58 10000
3 67 66 16.11 231.31 9.63 36.43 27.64 10000
3 114 113 26.33 464.86 36.69 53.76 30.49 15000
3 73 72 16.13 275.41 18.77 40.80 21.91 6000
3 84 83 16.84 310.94 22.15 42.82 25.95 9000
3 62 61 15.35 221.23 9.14 33.75 27.31 8000
3 67 66 21.94 217.99 4.08 41.02 29.80 18000
3 58 57 11.78 171.34 6.29 26.49 18.25 7000
3 72 71 13.87 280.32 21.27 29.52 15.98 4000
3 65 64 10.04 215.71 15.57 31.96 15.22 3000
4 32 31 8.08 79.25 -4.42 18.70 7.88 5000
4 58 57 9.60 178.03 10.90 26.00 14.23 4000
4 61 60 11.30 207.04 13.72 24.96 9.35 6000
4 130 129 39.67 551.13 36.18 64.86 46.92 25000
4 71 70 11.47 255.87 19.13 36.04 14.33 4000
4 69 68 16.32 236.36 13.27 29.87 17.04 10000
4 110 109 25.36 466.73 37.92 52.09 36.71 13000
4 56 55 9.61 177.67 8.92 23.22 19.21 3000
4 67 66 13.72 247.14 16.06 28.93 24.33 6000
4 64 63 14.21 208.82 10.87 33.77 19.60 3000
4 73 72 23.62 269.25 7.41 36.43 19.87 10000
4 147 146 46.14 637.76 40.69 75.16 35.24 30000
4 70 69 11.56 242.88 17.95 27.28 15.02 5000
4 85 84 31.01 320.62 10.53 40.51 20.13 19000
4 59 58 10.96 183.21 10.75 25.99 16.66 4000
4 138 137 34.53 597.09 50.38 67.01 41.17 10000
4 144 143 42.69 639.42 47.85 69.17 48.39 27000
4 56 55 10.86 171.33 7.67 27.51 13.14 4000
4 80 79 20.74 294.40 17.56 34.57 33.31 12000
4 81 80 18.43 329.27 22.76 38.30 17.37 12000
4 64 63 11.08 209.69 13.39 29.58 16.77 4000
4 69 68 15.08 220.07 10.99 30.32 21.74 9000
4 75 74 12.38 265.58 20.53 34.62 12.84 6000
4 76 75 22.02 282.00 13.87 39.66 30.90 11000
4 60 59 17.17 179.11 4.40 32.59 17.41 7000
5 64 63 10.72 227.71 15.17 28.24 23.77 4000
5 67 66 13.08 213.95 12.78 30.15 13.96 4000
5 75 74 23.99 277.75 10.86 35.30 15.92 12000
5 60 59 12.10 205.11 10.96 27.95 20.38 6000
5 76 75 15.37 240.92 15.71 40.78 19.76 6000
5 68 67 17.69 225.98 9.84 35.17 15.57 11000
5 67 66 15.85 214.95 9.78 27.32 16.08 10000
5 59 58 10.95 167.09 6.42 29.42 19.86 6000
5 63 62 13.44 201.45 9.19 30.84 20.00 7000
5 68 67 17.31 216.61 9.37 31.30 20.63 6000
5 67 66 14.42 230.10 12.67 30.84 23.23 4000
5 67 66 13.64 233.84 13.50 34.40 18.11 4000
5 119 118 35.10 526.18 36.16 57.89 46.42 20000
5 67 66 17.03 243.54 11.82 31.53 17.79 7000
5 71 70 16.94 254.16 15.36 26.65 19.65 7000
5 67 66 14.95 230.55 13.55 31.38 21.60 6000
5 77 76 25.83 258.76 9.44 36.66 12.77 15000
5 71 70 16.48 255.62 13.33 38.10 19.28 7000
5 74 73 19.14 236.72 9.89 35.22 22.26 15000
5 65 64 13.65 230.52 14.27 33.56 13.74 5000
5 65 64 14.03 208.09 11.20 30.38 15.86 5000
5 59 58 10.24 184.31 9.80 26.44 17.62 4000
5 60 59 13.16 185.52 6.19 29.12 16.44 8000
5 67 66 15.21 196.35 8.49 38.86 23.22 4000
5 64 63 12.65 184.12 8.72 32.72 14.67 6000
5 57 56 13.11 187.66 8.13 27.60 17.39 4000
5 58 57 9.87 206.14 12.69 26.72 10.81 3000
5 59 58 7.74 171.17 10.74 24.28 12.64 3000
6 74 73 22.82 270.36 9.59 32.55 28.02 14000
6 75 74 16.00 263.09 15.74 37.27 22.10 7000
6 57 56 12.44 184.53 7.74 28.48 16.72 7000
6 138 137 47.98 590.13 32.51 69.95 40.47 36000
6 57 56 9.68 162.45 6.25 31.73 20.53 3000
6 61 60 10.53 180.39 9.25 28.21 18.53 5000
6 55 54 9.73 175.00 8.95 23.10 13.04 4000
6 149 148 44.24 613.33 45.64 64.80 36.59 29000
6 89 88 24.34 291.51 13.41 37.76 17.94 16000
6 64 63 12.76 214.63 12.41 30.47 17.47 7000
6 60 59 10.65 188.91 10.02 28.49 15.76 4000
6 69 68 12.41 205.58 11.52 33.76 19.47 6000
6 71 70 13.39 237.29 14.74 40.22 24.83 6000
6 66 65 13.45 237.35 13.56 33.91 22.03 4000
6 72 71 14.77 224.45 12.77 37.92 18.88 5000
6 57 56 10.15 191.56 12.19 23.99 11.52 4000
6 67 66 9.91 237.79 18.35 28.47 13.84 3000
6 68 67 10.91 217.47 14.62 32.27 19.34 4000
6 133 132 33.86 525.97 42.10 65.06 37.45 16000
6 148 147 64.77 608.73 23.51 75.10 45.24 45000
6 81 80 21.46 262.67 12.06 43.38 20.99 11000
6 76 75 20.78 269.12 13.79 41.55 19.28 11000
6 122 121 29.40 538.85 43.94 61.15 55.40 15000
6 69 68 11.84 234.23 14.74 37.81 22.03 6000
7 61 60 11.13 170.73 7.43 29.20 17.54 7000
7 65 64 9.47 196.03 12.89 32.71 13.13 3000
7 62 61 13.10 185.29 8.18 28.96 14.32 5000
7 145 144 43.86 648.17 46.36 67.93 50.55 23000
7 59 58 10.95 182.93 9.37 26.04 11.36 7000
7 79 78 14.58 241.18 15.56 42.53 18.69 7000
7 64 63 12.41 208.46 12.40 33.32 10.43 6000
7 121 120 30.11 504.40 41.41 62.36 35.15 16000
7 139 138 53.39 635.04 33.44 71.21 47.90 35000
7 65 64 15.58 215.71 11.51 29.55 20.64 6000
7 59 58 8.67 203.74 15.35 23.10 10.46 3000
7 71 70 17.55 281.06 18.79 28.99 11.31 13000
7 61 60 12.59 208.59 12.54 32.02 12.80 4000
7 74 73 21.35 246.45 8.55 37.41 14.11 16000
7 78 77 26.74 291.17 10.53 39.30 30.51 20000
7 87 86 16.51 336.03 27.02 44.58 27.43 5000
7 75 74 25.25 232.84 3.85 40.64 26.72 15000
7 47 46 7.33 112.42 1.36 27.74 13.56 4000
7 76 75 17.16 264.17 14.28 39.86 23.61 13000
7 70 69 15.78 222.10 12.83 35.02 14.73 7000
7 67 66 15.57 260.98 15.87 31.14 18.16 6000
7 79 78 20.51 262.29 13.74 44.73 15.04 11000
7 121 120 32.82 545.83 42.60 55.26 40.40 19000
7 57 56 9.67 165.71 6.69 30.14 24.20 3000
7 60 59 13.42 155.19 4.27 35.07 18.63 5000
7 93 92 28.58 317.76 12.50 50.94 23.78 19000
8 59 58 10.35 182.98 9.95 28.26 20.54 3000
8 78 77 19.29 296.01 19.39 35.42 18.15 10000
8 153 152 50.48 699.27 49.64 74.81 35.05 32000
8 121 120 40.05 529.60 32.33 54.72 39.46 19000
8 76 75 20.51 266.39 14.15 33.60 14.73 11000
8 140 139 38.68 588.89 43.38 78.04 39.59 24000
8 80 79 20.98 306.21 18.88 40.59 17.74 11000
8 84 83 14.03 330.86 30.05 36.38 14.94 4000
8 64 63 12.84 194.72 8.44 34.20 16.15 8000
8 116 115 41.14 458.21 19.02 68.70 51.69 29000
8 57 56 15.93 186.68 6.04 28.02 15.53 5000
8 67 66 18.02 203.93 7.11 32.65 26.75 11000
8 72 71 22.18 289.46 11.51 36.74 26.67 16000
8 45 44 11.07 137.56 2.02 23.26 15.44 7000
8 69 68 12.44 218.16 12.70 33.59 15.92 5000
8 71 70 14.71 265.16 17.60 34.98 21.99 6000
8 128 127 32.11 535.89 43.64 67.81 40.87 16000
8 56 55 10.63 170.07 7.63 26.33 11.21 5000
8 72 71 14.34 248.80 15.48 33.66 17.90 4000
8 61 60 12.76 182.09 8.84 30.25 11.16 9000
8 146 145 58.86 583.84 27.91 74.24 64.83 40000
8 44 43 9.66 113.15 -0.28 23.03 11.64 6000
8 67 66 13.74 209.82 11.57 29.00 25.69 3000
8 64 63 13.37 204.10 9.59 32.11 21.02 8000
9 63 62 12.74 205.02 10.68 29.12 11.89 8000
9 63 62 14.46 209.95 10.59 26.22 20.32 4000
9 61 60 15.71 220.11 9.49 28.80 15.47 9000
9 71 70 9.99 244.59 18.84 37.20 17.76 3000
9 66 65 14.38 254.75 16.62 26.13 17.10 6000
9 277 276 133.49 1306.80 65.56 156.95 129.12 80000
9 75 74 16.82 275.89 16.67 38.11 17.81 9000
9 268 267 79.26 1293.65 114.41 127.31 71.33 47000
9 61 60 9.75 191.00 12.24 32.46 12.92 4000
9 57 56 10.73 200.09 12.98 23.05 11.30 4000
9 74 73 11.97 232.12 15.85 33.97 16.87 5000
9 74 73 12.95 264.24 19.99 31.36 22.28 4000
9 137 136 44.98 626.96 42.04 68.39 45.83 34000
9 65 64 9.71 208.32 14.50 32.63 23.03 4000
9 82 81 20.35 328.23 22.06 34.80 22.26 14000
9 61 60 9.69 183.83 9.80 24.32 12.79 4000
9 69 68 14.07 228.82 12.87 36.27 24.83 4000
9 63 62 13.48 203.52 9.78 26.84 14.55 6000
9 57 56 8.54 176.66 9.68 30.96 17.85 2000
9 75 74 15.56 272.23 17.16 38.91 22.83 9000
9 75 74 14.99 292.29 21.25 37.40 16.26 5000
9 77 76 20.25 274.55 14.00 39.93 30.41 9000
10 65 64 11.83 208.71 13.02 24.35 16.81 5000
10 87 86 26.91 313.92 15.59 46.23 16.16 17000
10 57 56 9.75 191.63 11.14 29.88 12.04 5000
10 218 217 65.22 1071.66 93.26 93.08 64.54 29000
10 44 43 8.02 129.28 4.00 21.35 11.65 3000
10 245 244 90.67 1183.24 80.05 124.01 79.08 64000
10 81 80 27.40 316.60 13.64 35.36 13.72 18000
10 228 227 72.13 1084.30 86.37 109.35 77.14 35000
10 140 139 42.85 615.83 42.84 70.57 36.65 30000
10 139 138 35.45 637.01 54.37 61.40 34.87 18000
10 90 89 18.10 326.77 24.97 43.11 21.19 11000
10 141 140 36.48 590.75 46.59 75.24 37.61 27000
10 63 62 13.68 184.37 7.01 36.51 17.75 7000
10 65 64 12.45 228.62 14.69 27.88 18.01 5000
10 58 57 11.97 184.12 8.68 28.70 12.56 6000
10 67 66 18.61 226.46 8.86 31.07 15.80 13000
10 173 172 42.00 763.00 66.61 85.42 46.86 26000
11 75 74 17.17 267.56 16.30 41.86 19.99 9000
11 77 76 16.08 259.68 16.58 42.31 21.06 8000
11 269 268 74.29 1261.61 115.10 126.16 81.12 38000
11 129 128 35.08 585.53 47.03 59.40 37.47 18000
11 138 137 27.66 605.57 58.53 67.85 34.47 4000
11 117 116 24.15 465.35 39.37 54.70 38.80 9000
11 66 65 13.50 243.20 14.37 35.50 27.01 5000
11 144 143 34.58 627.98 55.59 73.24 36.28 13000
11 58 57 10.44 191.29 10.57 28.20 18.59 4000
11 56 55 10.30 181.33 9.80 25.77 9.12 5000
11 259 258 79.28 1254.28 109.14 125.30 78.51 44000
11 43 42 6.35 114.96 2.46 18.59 10.39 4000
11 118 117 25.54 497.81 42.23 59.73 40.41 10000
11 64 63 15.02 234.69 13.08 31.29 21.04 6000
11 73 72 14.31 275.91 20.85 32.80 15.75 3000
11 154 153 43.30 681.37 54.21 75.41 39.65 22000
11 143 142 36.24 612.21 51.41 70.79 35.02 14000
12 273 272 79.02 1227.36 105.60 143.91 92.30 47000
12 127 126 41.59 515.32 31.54 68.73 47.53 24000
12 121 120 38.65 550.22 39.49 60.45 40.13 24000
12 146 145 43.14 581.53 39.66 78.64 37.80 25000
12 71 70 15.03 247.60 15.22 32.74 19.79 8000
12 133 132 40.66 588.73 43.56 71.40 47.48 27000
12 55 54 8.13 188.19 11.63 27.72 14.69 3000
12 61 60 12.91 200.91 10.72 27.03 12.07 6000
12 83 82 24.05 304.31 17.58 37.45 18.02 14000
12 82 81 23.57 326.55 18.10 43.36 36.73 15000
12 65 64 19.59 247.27 9.96 32.89 25.62 14000
12 179 178 31.28 834.42 90.24 83.87 53.12 13000
12 72 71 15.01 244.45 14.46 39.91 27.09 6000
12 61 60 14.31 185.92 7.84 26.23 9.28 6000
12 119 118 21.86 491.34 46.95 56.53 31.47 5000
12 72 71 21.20 243.50 10.03 38.18 16.67 12000
12 63 62 16.31 241.03 13.54 27.22 15.25 7000
12 79 78 14.47 267.59 18.76 38.50 15.85 7000
12 138 137 46.35 592.33 36.37 76.86 50.51 27000
13 81 80 15.27 312.06 23.14 44.05 33.31 5000
13 88 87 13.32 354.25 32.07 47.72 33.61 5000
13 65 64 12.74 220.24 11.58 39.95 26.52 7000
13 68 67 17.55 251.89 10.65 36.32 17.75 11000
13 81 80 13.34 304.56 24.15 40.05 18.52 3000
13 84 83 18.29 332.32 25.42 39.64 18.32 5000
13 69 68 11.73 240.77 16.53 35.72 30.15 4000
13 195 194 48.97 924.64 81.65 108.59 82.11 19000
13 57 56 10.05 186.31 10.09 30.27 19.40 3000
13 71 70 11.45 261.40 20.00 35.85 11.65 3000
13 135 134 21.65 593.52 62.34 67.36 33.05 3000
13 133 132 31.62 587.65 49.79 68.28 42.56 21000
13 81 80 14.86 320.06 26.17 34.65 14.51 6000
13 124 123 24.76 544.04 49.78 68.62 34.55 10000
13 181 180 40.24 810.14 74.53 97.09 48.00 21000
13 75 74 14.38 290.03 22.42 35.90 19.32 5000
13 76 75 17.36 300.03 20.58 36.22 9.76 12000
13 75 74 16.62 290.90 19.97 35.99 20.88 6000
13 58 57 9.27 172.25 9.21 27.64 9.02 4000
13 79 78 11.21 259.51 21.60 41.01 14.66 4000
13 67 66 21.75 254.87 9.13 39.10 21.86 13000
13 67 66 15.08 268.42 16.77 37.42 28.83 11000
14 219 218 49.77 1022.74 102.37 106.37 54.49 19000
14 157 156 45.05 679.19 49.28 89.57 54.00 22000
14 110 109 19.53 479.41 46.10 56.24 38.17 8000
14 63 62 11.94 210.30 12.84 26.76 17.53 3000
14 77 76 10.62 273.42 23.43 39.66 14.31 4000
14 80 79 28.35 293.08 9.72 43.72 25.46 21000
14 132 131 26.69 556.17 51.44 66.35 45.39 7000
14 66 65 9.52 225.62 16.81 32.90 15.81 3000
14 75 74 17.04 258.27 15.75 38.43 32.69 7000
14 131 130 25.04 537.14 50.16 64.86 39.23 7000
14 134 133 28.21 595.62 55.13 71.83 32.32 9000
14 60 59 11.11 185.44 9.64 28.25 16.13 4000
14 56 55 11.55 177.31 7.27 26.56 14.51 7000
14 123 122 38.41 539.85 36.07 58.87 45.00 22000
14 141 140 25.62 612.91 63.68 61.04 29.77 7000
14 71 70 11.85 253.84 18.71 35.10 18.11 5000
14 288 287 78.77 1399.09 126.40 147.80 75.73 51000
14 61 60 12.13 201.58 10.33 27.95 19.57 7000
15 149 148 25.45 617.92 64.57 80.89 31.44 5000
15 264 263 78.23 1233.93 106.41 138.28 62.57 46000
15 128 127 27.30 472.61 40.45 70.91 48.20 12000
15 119 118 27.43 517.67 44.77 61.14 28.91 16000
15 63 62 11.75 200.75 10.85 34.19 25.39 3000
15 126 125 24.99 521.53 47.41 66.41 37.13 9000
15 121 120 39.84 514.52 30.43 62.06 46.61 24000
15 85 84 19.63 302.53 20.76 49.48 12.84 12000
15 68 67 10.93 247.68 19.90 31.02 11.19 3000
15 61 60 12.53 168.26 5.62 34.97 16.66 8000
15 65 64 8.74 233.36 18.41 30.81 14.53 3000
15 196 195 46.03 902.95 84.62 103.62 49.58 19000
15 71 70 11.84 264.36 21.23 27.19 12.20 7000
15 330 329 86.97 1617.14 160.95 154.04 75.28 47000
15 88 87 17.58 339.79 25.51 52.36 31.10 9000
15 83 82 18.43 291.00 18.92 39.55 12.63 14000
16 34 33 10.25 77.80 -5.55 26.22 17.91 6000
16 201 200 41.27 929.19 98.66 120.40 60.56 17000
16 41 40 14.04 113.55 -3.84 19.97 8.90 12000
16 343 342 79.56 1711.64 179.60 187.61 72.93 30000
16 68 67 12.33 233.93 15.56 35.68 20.55 4000
16 74 73 12.39 232.73 16.65 38.17 17.14 5000
16 57 56 9.39 170.59 8.33 28.90 17.60 4000
16 335 334 66.31 1662.85 184.78 169.55 71.16 20000
16 384 383 93.26 1870.68 187.30 222.86 126.88 35000
16 72 71 12.14 253.43 18.80 35.52 11.49 7000
16 69 68 12.44 209.00 10.73 39.99 27.51 6000
16 72 71 17.54 254.39 13.40 37.69 18.66 10000
16 232 231 39.62 1073.88 119.93 123.45 61.11 11000
16 63 62 10.79 195.67 11.77 36.16 22.43 6000
17 409 408 95.85 1997.38 208.77 222.10 96.43 44000
17 302 301 88.53 1415.13 124.34 189.36 88.53 46000
17 91 90 33.65 338.78 7.82 58.44 45.52 21000
17 158 157 35.06 681.88 64.03 84.58 30.05 11000
17 118 117 16.29 474.03 49.39 60.74 28.70 3000
17 212 211 50.59 952.24 90.05 118.39 53.42 18000
17 207 206 64.03 967.91 78.58 115.32 61.51 37000
17 62 61 11.10 233.31 15.63 34.54 16.37 6000
17 252 251 59.75 1210.36 121.94 135.08 53.14 30000
17 76 75 12.38 287.06 22.71 37.87 28.10 8000
18 91 90 22.30 346.35 22.01 61.11 31.05 12000
18 319 318 54.40 1487.02 171.95 177.36 62.21 15000
18 117 116 28.60 478.29 35.68 68.25 40.41 19000
18 88 87 17.70 337.26 26.38 46.33 21.26 10000
18 72 71 19.31 244.50 11.64 41.25 14.63 13000
18 74 73 14.50 252.70 15.86 40.84 36.36 10000
18 64 63 15.80 234.79 12.56 29.74 10.56 11000
18 144 143 31.61 601.66 53.13 78.73 34.22 17000
18 79 78 15.56 291.31 21.75 46.48 33.80 8000
18 133 132 35.19 575.94 43.31 72.34 43.25 27000
18 328 327 91.42 1616.76 150.25 196.58 100.65 41000
18 277 276 63.52 1348.84 136.67 162.20 73.06 27000
18 90 89 28.06 341.31 17.88 51.09 15.76 14000
19 333 332 88.04 1564.16 146.46 217.00 91.63 41000
19 119 118 24.41 482.64 41.34 69.79 43.55 10000
19 63 62 12.11 216.28 13.02 37.06 12.66 7000
19 404 403 82.31 2001.91 232.24 253.74 92.18 31000
19 108 107 30.55 455.25 32.51 58.03 40.42 16000
19 256 255 67.40 1225.47 110.77 167.00 82.84 38000
19 277 276 70.71 1355.90 130.91 165.28 72.91 41000
19 174 173 36.86 765.35 72.14 104.13 48.77 20000
20 70 69 8.92 229.04 16.74 52.98 35.98 4000
20 127 126 19.30 528.74 52.32 81.77 39.63 6000
20 430 429 88.12 2001.05 227.18 275.72 111.36 28000
20 95 94 26.35 368.90 22.94 58.88 21.75 15000
20 229 228 39.62 1032.00 112.36 164.58 69.47 11000
20 187 186 48.85 863.90 71.00 142.77 79.61 31000
20 75 74 13.79 261.40 19.24 37.36 12.24 10000
20 415 414 99.20 2001.18 213.20 275.97 132.30 40000
20 329 328 73.65 1613.97 166.92 216.49 83.78 14000
21 81 80 17.67 291.71 19.05 44.56 19.40 10000
21 205 204 52.84 936.53 85.02 118.62 53.43 29000
21 320 319 76.68 1534.81 148.88 212.36 99.59 34000
21 134 133 29.95 559.00 48.73 85.19 48.74 22000
21 413 412 105.69 2001.59 211.35 249.63 86.59 66000
21 85 84 14.74 312.43 26.16 44.19 20.57 8000
21 46 45 8.74 94.44 -1.70 27.66 15.39 6000
21 133 132 24.99 579.79 57.69 68.58 37.40 8000
21 86 85 13.86 291.84 23.46 47.41 13.51 7000
21 131 130 21.28 537.39 52.39 78.34 39.32 8000
21 74 73 18.44 236.82 12.49 44.72 15.61 11000
21 333 332 84.51 1623.82 158.02 206.46 102.82 39000
22 247 246 89.90 1064.11 76.28 170.55 163.49 43000
22 349 348 120.21 1717.16 142.83 206.67 88.60 83000
22 256 255 64.11 1166.14 106.84 153.65 83.27 37000
22 407 406 109.94 2000.44 204.49 251.21 126.37 45000
22 93 92 18.72 392.14 32.89 52.75 32.58 12000
22 216 215 45.98 1033.36 105.69 136.38 60.45 17000
22 199 198 59.64 945.82 79.22 114.75 63.35 40000
23 63 62 9.64 211.36 13.98 37.02 18.49 4000
23 68 67 11.38 200.21 11.61 39.39 18.93 5000
23 69 68 17.19 256.55 13.17 39.60 27.73 14000
23 83 82 20.97 320.00 19.61 44.92 20.14 17000
23 120 119 27.61 527.60 46.10 62.37 38.18 16000
23 69 68 9.39 212.82 15.22 34.18 15.59 5000
23 142 141 41.65 597.79 43.28 93.64 51.49 29000
23 63 62 11.72 213.27 12.88 33.70 17.07 5000
23 226 225 65.67 1075.22 93.91 134.63 79.40 64000
23 68 67 9.97 245.08 19.67 34.11 10.27 4000
23 73 72 17.74 254.74 14.26 38.39 12.77 10000
23 204 203 60.27 916.56 75.34 122.43 54.30 41000
23 73 72 12.20 267.77 19.38 46.24 16.84 4000
23 151 150 35.50 645.27 56.61 93.68 39.85 21000
23 139 138 46.60 558.06 36.86 75.72 20.91 26000
23 86 85 13.46 309.96 25.75 46.24 10.78 6000
23 132 131 29.49 590.30 53.56 75.28 36.94 17000
23 133 132 40.30 558.79 39.09 79.61 47.42 22000
24 75 74 13.54 261.58 20.18 41.37 12.37 7000
24 137 136 44.48 603.57 41.37 78.43 53.24 44000
24 62 61 10.88 188.29 9.10 39.86 15.51 7000
24 136 135 54.71 568.29 28.92 82.68 67.04 59000
24 74 73 12.69 241.50 16.84 39.84 16.74 8000
24 134 133 21.33 561.84 56.97 72.23 39.36 8000
24 69 68 12.21 222.77 14.39 37.83 13.92 9000
24 357 356 114.14 1758.95 155.08 215.84 91.20 73000
24 82 81 19.68 298.10 20.30 41.47 11.29 14000
24 234 233 57.01 1110.90 110.23 129.54 55.48 14000
24 73 72 13.45 293.99 21.80 47.98 24.31 5000
24 232 231 82.56 997.54 69.59 140.38 88.80 76000
24 364 363 108.46 1756.37 163.79 219.14 99.68 51000
25 96 95 19.09 373.42 30.70 57.97 32.07 8000
25 120 119 15.59 504.14 55.79 59.94 27.11 6000
25 74 73 15.96 245.80 14.20 36.72 11.30 13000
25 195 194 42.79 901.16 91.31 91.87 46.05 23000
25 127 126 30.29 569.82 49.21 72.61 32.93 12000
25 379 378 116.51 1873.98 168.86 217.44 99.78 85000
25 199 198 33.78 925.23 100.42 114.46 61.58 10000
25 72 71 13.92 262.04 18.39 38.34 14.35 8000
25 66 65 12.29 219.84 13.50 34.76 14.24 6000
25 119 118 23.27 531.93 50.35 62.96 36.30 4000
25 344 343 89.41 1700.31 167.48 201.30 84.72 41000
25 71 70 18.13 275.32 16.87 37.54 11.67 9000
25 63 62 10.88 199.27 11.38 38.42 16.52 5000
26 124 123 29.95 525.11 41.68 70.22 42.97 14000
26 127 126 20.60 552.40 56.40 68.29 32.60 4000
26 67 66 13.76 215.99 12.87 37.56 15.13 8000
26 197 196 33.42 972.95 109.84 103.52 37.71 10000
26 73 72 19.93 236.08 10.52 33.08 7.29 18000
26 155 154 32.33 735.79 73.28 87.95 32.07 14000
26 58 57 10.92 218.49 13.62 28.17 17.69 4000
26 56 55 8.48 186.71 11.78 29.76 13.35 5000
26 73 72 21.35 325.90 20.64 36.54 13.80 17000
26 299 298 86.16 1460.99 132.09 160.38 72.67 40000
26 127 126 28.64 582.29 53.52 71.04 34.84 6000
26 132 131 31.02 589.78 52.02 72.28 40.89 9000
26 189 188 60.05 845.36 66.49 107.16 55.39 38000
26 300 299 64.24 1490.49 161.40 152.10 58.57 21000
27 138 137 36.72 633.84 53.49 83.11 42.93 15000
27 140 139 26.62 610.95 60.76 81.21 39.92 6000
27 68 67 14.14 257.26 17.61 37.22 17.65 5000
27 123 122 31.56 572.05 48.18 67.47 32.43 14000
27 147 146 47.16 708.15 53.72 90.33 45.14 31000
27 69 68 18.44 263.51 13.32 42.09 27.71 12000
27 319 318 72.72 1622.71 174.51 171.72 84.56 34000
27 98 97 25.45 426.46 31.74 60.60 41.48 14000
27 148 147 31.56 699.75 67.26 94.31 49.87 12000
27 72 71 16.05 280.23 20.47 40.29 13.45 8000
27 233 232 54.79 1123.66 111.43 135.80 60.12 26000
27 73 72 23.14 302.91 15.49 35.46 21.88 17000
27 57 56 15.62 209.05 9.86 24.40 14.60 7000
27 61 60 16.89 236.87 11.53 27.11 21.01 9000
27 163 162 58.36 764.09 54.61 86.79 42.80 48000
28 142 141 27.83 629.84 60.14 84.59 32.13 8000
28 69 68 20.66 275.58 14.25 39.97 13.00 12000
28 57 56 10.39 209.55 13.78 27.54 11.14 6000
28 202 201 39.83 951.63 99.03 120.81 50.00 19000
28 173 172 37.76 813.55 79.73 109.33 54.24 17000
28 404 403 79.27 2000.71 233.74 245.10 114.88 32000
28 399 398 75.44 2003.27 242.38 233.32 78.74 35000
28 164 163 38.11 789.86 75.17 97.68 30.23 17000
28 77 76 12.96 288.24 24.49 44.08 13.78 6000
28 64 63 13.06 265.07 18.94 33.56 12.47 6000
28 134 133 22.97 604.10 62.17 74.77 32.06 4000
29 311 310 77.71 1464.94 145.31 208.37 93.71 42000
29 63 62 10.37 228.43 15.22 32.60 16.66 4000
29 92 91 9.96 359.94 37.14 54.61 17.75 4000
29 207 206 37.55 967.50 104.28 136.34 54.49 13000
29 73 72 10.92 292.03 23.66 50.74 24.70 5000
29 131 130 20.81 596.29 61.32 76.26 33.98 6000
29 303 302 57.63 1497.99 163.56 196.88 79.12 21000
29 129 128 22.33 582.93 58.82 76.42 33.56 10000
29 60 59 8.32 220.74 17.36 31.39 13.31 4000
29 140 139 26.64 639.00 63.73 90.36 31.54 11000
29 352 351 83.05 1705.40 170.52 241.14 83.01 41000
29 137 136 27.60 595.55 52.74 92.39 52.06 9000
30 392 391 72.41 2002.23 226.05 230.01 98.74 18000
30 79 78 18.31 318.22 21.87 51.70 38.19 15000
30 198 197 47.42 928.12 83.34 121.43 54.15 28000
30 70 69 13.10 274.17 21.65 32.59 13.78 5000
30 199 198 34.66 965.72 104.66 130.68 46.50 13000
30 78 77 11.40 263.24 21.13 51.98 24.76 4000
30 271 270 52.89 1301.17 137.10 191.28 78.02 9000
30 130 129 23.77 574.79 54.77 81.29 37.66 9000
30 204 203 27.53 945.64 110.40 124.81 50.37 3000
30 90 89 17.43 373.90 30.60 60.58 23.35 7000
30 142 141 23.61 627.38 64.95 85.08 30.81 5000
30 69 68 11.42 258.90 20.04 43.07 18.84 5000
30 76 75 10.51 294.65 25.73 41.66 18.81 4000
31 126 125 29.81 556.63 48.56 75.25 32.26 13000
31 136 135 26.07 645.43 65.08 76.62 31.16 4000
31 65 64 15.62 233.18 12.96 42.46 31.65 12000
31 92 91 30.26 392.56 23.27 59.85 36.56 17000
31 135 134 28.09 611.87 57.32 82.97 26.78 12000
31 70 69 19.55 252.45 8.41 44.83 18.44 10000
31 72 71 12.98 277.82 22.55 40.65 17.44 5000
31 65 64 15.10 247.25 13.70 42.71 18.32 10000
31 62 61 14.27 243.98 15.53 35.03 18.19 5000
31 66 65 9.58 212.82 16.06 33.78 14.12 4000
31 91 90 25.30 344.34 19.81 66.62 40.03 17000
31 60 59 10.37 219.32 15.15 32.90 19.17 5000
31 206 205 46.07 921.47 86.44 131.10 48.87 22000
31 79 78 18.56 290.94 18.25 58.61 27.40 7000
31 136 135 40.81 581.70 38.23 89.40 48.31 29000
31 113 112 17.70 463.25 45.38 67.52 29.30 4000
31 70 69 17.69 263.04 14.45 37.60 32.71 6000
31 154 153 29.47 733.64 75.09 85.85 27.65 9000
31 125 124 20.76 558.45 56.70 73.91 38.27 6000
31 75 74 21.58 326.91 19.48 45.29 20.71 11000
32 74 73 13.52 261.30 18.88 39.49 16.27 8000
32 116 115 21.12 508.12 48.72 61.81 26.91 8000
32 145 144 43.63 620.88 40.21 87.35 45.46 31000
32 215 214 49.52 1046.47 100.72 138.09 71.65 18000
32 136 135 32.19 583.88 49.63 81.16 52.45 16000
32 105 104 20.35 431.49 36.25 68.19 30.21 8000
32 63 62 10.57 218.61 15.57 33.19 19.49 3000
32 199 198 42.50 961.91 97.91 114.40 49.70 12000
32 70 69 14.33 286.06 20.02 40.07 19.89 6000
32 69 68 13.34 255.62 16.13 46.70 22.54 8000
32 138 137 32.07 636.41 56.79 81.37 44.76 22000
32 99 98 29.77 420.20 24.07 66.94 30.27 16000
32 118 117 27.88 533.82 44.80 66.90 42.58 16000
32 394 393 94.05 1978.58 193.46 265.47 111.37 48000
33 105 104 22.36 475.95 41.39 66.69 19.23 11000
33 134 133 20.95 595.20 61.45 88.21 36.86 7000
33 411 410 94.38 2002.76 210.39 294.20 118.49 51000
33 266 265 56.17 1298.65 136.02 167.69 71.79 24000
33 122 121 19.34 569.87 61.12 69.88 28.99 4000
33 164 163 35.79 788.98 75.81 109.41 56.19 17000
33 86 85 24.70 350.15 17.59 62.03 40.34 13000
33 129 128 36.89 593.38 42.42 82.96 31.56 22000
33 153 152 26.59 706.13 70.32 111.03 40.97 14000
33 63 62 13.99 238.55 14.82 37.82 14.85 6000
33 259 258 56.09 1241.32 123.92 169.68 74.82 20000
33 66 65 10.63 235.43 16.25 43.60 16.68 5000
33 82 81 17.64 318.57 23.42 48.30 16.75 13000
34 341 340 67.11 1714.30 183.60 238.13 89.19 30000
34 123 122 25.13 550.35 48.96 84.97 46.01 13000
34 231 230 42.45 1105.67 119.47 149.75 63.24 16000
34 154 153 26.09 693.90 73.34 94.61 28.57 9000
34 74 73 15.18 293.16 21.56 42.68 11.63 7000
34 205 204 55.43 996.99 82.07 161.00 76.18 30000
34 191 190 44.68 903.52 82.65 138.16 54.72 21000
34 331 330 82.17 1610.84 152.12 238.46 92.19 44000
34 226 225 43.24 1083.50 113.84 152.54 58.54 14000
34 126 125 23.29 595.78 58.66 80.54 39.43 11000
35 68 67 14.17 265.17 18.38 44.65 23.74 4000
35 149 148 34.20 692.89 61.49 103.83 36.20 16000
35 138 137 19.24 648.87 73.11 84.10 30.43 6000
35 128 127 32.20 567.01 44.80 87.35 37.59 18000
35 145 144 39.47 667.84 49.98 110.30 46.15 25000
35 122 121 43.76 517.54 23.83 93.29 42.54 28000
35 69 68 15.67 240.93 11.94 56.76 25.20 7000
35 73 72 13.92 264.57 16.84 56.86 35.83 6000
35 62 61 12.99 216.48 10.96 45.15 22.09 3000
35 57 56 15.76 227.90 9.94 37.70 28.19 12000
35 88 87 18.21 358.50 24.91 75.09 27.74 14000
35 86 85 31.99 355.71 9.80 66.87 30.79 19000
35 302 301 70.28 1444.22 135.60 243.86 92.30 35000
35 181 180 37.85 806.42 75.28 132.94 64.28 18000
35 136 135 36.44 627.65 50.25 83.31 43.50 20000
36 401 400 59.61 2004.92 247.28 324.30 81.89 9000
36 211 210 41.53 989.92 95.47 179.37 53.49 16000
36 208 207 39.22 973.40 101.08 159.03 51.96 11000
36 87 86 14.31 363.82 32.73 63.96 24.52 8000
36 83 82 10.33 330.93 30.24 68.22 24.76 4000
36 87 86 18.87 370.72 27.29 62.77 17.96 12000
36 139 138 23.05 623.43 62.65 112.21 30.36 6000
36 198 197 33.86 929.14 99.55 149.75 51.78 9000
36 282 281 51.45 1333.89 141.30 241.36 69.87 19000
36 261 260 44.61 1252.16 135.17 216.59 83.67 10000
37 42 41 7.94 111.45 1.16 28.93 21.03 3000
37 59 58 10.71 205.76 10.12 52.68 25.18 4000
37 330 329 64.47 1582.76 170.81 267.33 81.00 24000
37 76 75 11.11 302.97 27.16 51.92 23.20 5000
37 213 212 36.03 1033.53 111.22 174.00 59.12 3000
37 71 70 12.79 246.07 16.35 54.92 25.69 6000
37 402 401 68.53 2004.99 236.16 337.74 94.31 10000
37 403 402 80.25 1996.64 214.48 330.02 102.10 23000
37 203 202 42.45 959.80 92.41 174.70 67.40 6000
37 128 127 21.07 576.41 56.90 103.11 38.98 5000
38 289 288 55.95 1462.10 153.55 251.02 71.98 17000
38 200 199 38.98 923.99 90.38 179.38 63.68 14000
38 91 90 14.35 393.24 36.03 70.32 36.03 4000
38 50 49 10.55 170.47 6.22 39.89 13.90 5000
38 405 404 66.91 2003.20 236.14 357.56 86.99 9000
38 354 353 73.11 1732.16 179.81 308.38 82.49 29000
38 135 134 24.74 606.81 56.12 124.18 47.57 11000
38 139 138 29.22 654.44 61.32 107.53 36.17 8000
39 148 147 28.21 696.74 68.27 116.27 44.17 11000
39 149 148 30.16 723.30 70.87 121.64 41.52 12000
39 379 378 61.70 1855.07 208.55 334.36 97.00 13000
39 193 192 47.44 892.80 80.83 146.36 66.58 18000
39 366 365 79.55 1829.99 185.99 318.49 99.77 31000
39 211 210 35.47 978.01 105.39 173.67 50.16 5000
39 167 166 27.44 773.62 80.56 142.04 46.27 7000
39 71 70 15.73 280.05 17.64 63.80 26.71 5000
40 407 406 85.42 2001.50 218.47 357.12 103.35 17000
40 308 307 58.43 1523.53 162.99 269.00 80.64 18000
40 206 205 38.78 995.02 100.71 173.08 57.09 7000
40 60 59 12.53 224.24 11.42 54.92 24.68 5000
40 399 398 82.13 2001.44 223.13 327.09 107.00 18000
40 403 402 72.08 2003.02 231.27 368.51 89.38 12000
41 31 30 6.02 79.75 -2.49 19.31 13.91 3000
41 390 389 81.81 2002.25 220.82 346.98 82.38 16000
41 166 165 28.83 814.53 84.94 131.27 53.55 9000
41 239 238 47.78 1130.28 111.31 226.35 53.79 11000
41 136 135 27.86 656.14 61.02 118.74 31.70 9000
41 388 387 78.66 2002.69 224.45 337.71 85.21 31000
41 101 100 15.98 451.62 43.21 85.15 28.72 6000
41 181 180 33.27 890.36 92.78 160.89 54.62 16000
41 395 394 76.88 2002.44 233.14 326.78 97.78 23000
42 41 40 17.16 149.25 -4.49 35.53 30.84 14000
42 82 81 12.74 365.85 33.60 66.40 29.71 5000
42 387 386 74.40 2005.08 228.57 332.24 95.86 13000
42 61 60 17.93 255.73 11.88 44.22 25.55 9000
42 295 294 62.29 1441.92 150.63 244.61 66.79 19000
42 85 84 23.85 355.42 17.93 89.82 48.71 14000
42 81 80 16.18 346.74 26.65 73.29 33.06 4000
42 132 131 30.00 614.38 52.75 118.64 51.05 8000
42 399 398 78.34 1986.18 211.83 341.05 125.19 21000
42 64 63 16.10 268.38 13.10 62.63 36.43 11000
42 398 397 65.82 2003.74 238.81 338.33 78.85 20000
43 139 138 35.45 669.07 52.99 116.19 50.39 19000
43 75 74 21.42 293.38 9.69 83.99 41.28 12000
43 322 321 59.27 1585.22 172.12 287.30 83.48 16000
43 231 230 49.29 1167.89 116.84 200.49 56.05 19000
43 134 133 26.52 625.72 60.12 113.75 38.21 6000
43 311 310 56.94 1588.24 172.74 268.88 84.95 14000
43 75 74 13.95 330.73 26.12 63.58 32.33 6000
43 398 397 66.49 2003.21 236.05 350.00 80.03 1000
43 183 182 40.86 902.70 85.90 155.80 54.26 17000
44 75 74 13.28 332.50 27.35 62.06 26.09 6000
44 206 205 40.87 999.58 97.36 193.59 67.98 12000
44 282 281 53.29 1415.67 150.13 254.85 77.55 10000
44 107 106 18.49 480.79 43.31 93.25 34.07 7000
44 393 392 83.21 2000.54 218.06 356.85 99.05 25000
44 278 277 37.02 1411.95 170.59 223.75 66.85 8000
44 72 71 11.06 325.80 29.80 51.66 22.20 5000
44 157 156 39.76 740.70 59.05 146.62 53.47 27000
44 142 141 24.57 658.66 68.83 108.97 43.04 8000
44 136 135 22.93 642.85 63.69 121.09 39.00 7000
45 147 146 57.63 695.09 38.59 112.56 47.21 33000
45 389 388 53.66 2001.60 251.35 328.86 77.08 3000
45 391 390 60.72 2001.95 241.01 345.02 71.93 6000
45 223 222 43.25 1114.62 115.68 193.33 47.46 15000
45 215 214 32.91 1056.20 116.43 187.61 58.10 6000
45 388 387 61.56 2000.44 243.54 331.91 80.61 6000
46 282 281 49.42 1425.42 159.04 221.72 53.87 6000
46 150 149 36.22 730.47 64.28 120.58 43.39 14000
46 386 385 73.19 2003.33 234.29 300.19 77.45 23000
46 170 169 46.35 833.91 73.89 128.05 38.81 27000
46 335 334 66.63 1680.32 180.53 264.27 88.69 24000
46 340 339 69.78 1727.41 188.55 253.73 81.83 18000
46 120 119 22.64 578.36 55.33 93.89 38.46 4000
46 67 66 17.99 293.27 16.90 44.36 28.08 9000
47 390 389 65.74 2004.28 245.52 301.08 80.72 11000
47 32 31 10.08 99.72 -3.61 21.64 8.33 7000
47 385 384 74.00 1985.15 220.74 281.64 92.16 30000
47 210 209 58.36 1050.95 89.55 164.67 87.31 29000
47 389 388 72.89 2003.40 236.45 298.82 74.91 18000
47 49 48 10.04 159.57 7.21 31.60 13.63 4000
47 245 244 42.71 1202.44 132.34 185.09 61.00 8000
48 28 27 7.89 74.94 -6.23 20.48 18.56 5000
48 130 129 25.53 610.73 59.66 97.25 31.90 6000
48 287 286 51.68 1438.90 156.32 243.08 74.09 9000
48 131 130 22.02 619.15 62.86 106.49 32.20 6000
48 145 144 33.74 694.22 62.99 109.92 34.10 12000
48 394 393 72.32 2003.13 231.17 326.36 85.85 20000
48 122 121 38.14 497.39 31.52 118.43 42.44 17000
48 71 70 14.77 297.96 23.07 46.38 16.70 7000
48 159 158 37.57 740.76 67.25 129.43 48.41 15000
48 359 358 64.26 1840.82 206.29 290.09 88.20 11000
48 134 133 23.57 634.54 63.94 99.22 32.52 7000
49 391 390 74.95 2004.64 233.77 317.18 72.18 13000
49 396 395 77.80 2003.12 225.82 339.27 84.95 23000
49 303 302 55.69 1537.02 167.25 252.87 91.00 17000
49 363 362 62.90 1827.55 204.49 314.21 83.94 9000
49 60 59 9.62 247.00 19.52 44.54 17.25 5000
49 220 219 51.61 1065.41 102.70 181.71 52.36 27000
49 232 231 45.29 1136.33 117.78 199.17 55.25 15000
49 64 63 12.41 263.18 18.84 48.91 17.57 6000
50 73 72 18.57 260.83 15.09 53.35 17.95 9000
50 207 206 35.23 1011.02 107.98 177.21 54.99 8000
50 269 268 54.03 1349.93 140.24 224.27 72.79 17000
50 227 226 43.91 1132.91 118.12 195.54 55.40 8000
50 188 187 33.08 913.46 96.76 150.61 61.88 9000
50 85 84 16.65 358.63 29.38 73.48 29.26 4000
50 215 214 58.77 1045.98 81.49 205.82 78.95 26000
50 216 215 46.36 1054.59 103.44 182.30 57.36 14000
50 397 396 58.62 2002.40 247.05 319.78 98.35 5000
51 79 78 15.77 345.77 28.06 62.59 25.27 8000
51 401 400 87.08 2000.80 216.22 350.82 122.71 29000
51 282 281 49.48 1414.13 156.44 228.31 78.66 11000
51 265 264 63.58 1302.16 124.25 226.40 102.64 24000
51 82 81 16.75 343.81 27.75 62.23 24.30 8000
51 399 398 79.72 2001.03 218.92 338.71 118.70 18000
51 201 200 38.64 965.36 97.58 173.25 61.05 11000
51 125 124 16.28 560.30 58.91 103.02 30.46 3000
51 68 67 17.13 287.69 16.69 54.56 34.76 9000
52 395 394 57.15 2003.85 248.21 344.73 84.03 8000
52 392 391 63.56 2004.90 238.48 350.17 86.16 7000
52 391 390 49.21 2005.19 253.86 331.69 79.24 2000
52 394 393 59.12 2003.04 242.82 359.85 82.41 12000
52 108 107 17.14 494.35 47.68 90.23 35.65 7000
52 368 367 66.99 1883.40 204.13 325.06 110.53 23000
53 129 128 22.68 596.15 55.93 117.48 45.09 5000
53 73 72 11.16 269.22 19.68 60.33 23.83 6000
53 235 234 55.87 1114.96 102.78 207.26 73.36 27000
53 398 397 73.56 2004.54 232.48 354.08 101.58 21000
53 165 164 29.76 773.63 79.65 145.35 34.54 10000
53 395 394 63.50 2004.73 238.21 355.30 86.81 9000
53 396 395 72.86 2002.39 228.82 353.14 102.05 18000
53 100 99 27.47 432.40 27.51 97.07 47.71 14000
54 66 65 15.07 265.83 17.16 49.80 19.98 6000
54 232 231 38.21 1137.61 123.98 202.62 62.62 8000
54 340 339 65.66 1728.23 185.48 284.07 83.60 17000
54 72 71 13.45 258.18 18.60 48.30 14.54 7000
54 392 391 61.56 2002.73 244.54 325.32 81.99 15000
54 286 285 51.32 1425.98 152.47 255.56 79.23 10000
54 221 220 40.02 1067.27 112.14 181.39 58.19 12000
54 393 392 67.63 2005.18 231.21 354.96 104.98 20000
55 386 385 65.56 2000.06 241.53 311.18 69.06 8000
55 86 85 16.83 368.49 29.65 70.43 24.90 4000
55 394 393 54.67 2001.69 252.98 320.68 78.16 2000
55 406 405 89.95 2002.01 215.72 339.10 99.90 35000
55 43 42 11.18 139.97 1.72 26.14 10.50 7000
55 159 158 35.16 742.22 70.06 131.39 30.26 24000
55 118 117 20.75 543.90 53.74 91.08 33.46 4000
55 77 76 22.75 321.48 19.40 52.25 13.45 12000
55 74 73 14.09 297.84 21.59 58.38 33.86 6000
56 386 385 75.47 2000.23 229.21 313.09 85.96 25000
56 399 398 89.65 2002.15 215.10 354.17 88.20 39000
56 300 299 70.00 1499.10 149.87 246.99 85.00 29000
56 390 389 74.27 2001.13 228.28 335.04 78.71 23000
56 169 168 30.82 823.27 84.93 142.20 48.32 8000
56 386 385 73.79 1969.07 212.32 344.93 99.64 18000
57 184 183 43.91 905.22 84.48 158.21 60.45 19000
57 65 64 13.49 280.25 17.62 53.80 26.99 5000
57 86 85 15.24 360.27 29.10 73.57 38.90 6000
57 219 218 25.25 1037.40 123.74 181.37 54.69 6000
57 76 75 18.00 344.03 24.36 60.52 37.63 10000
57 67 66 14.42 272.33 14.99 66.20 33.45 6000
57 390 389 65.38 2002.05 235.02 329.19 98.16 12000
57 344 343 55.45 1761.84 200.11 297.85 100.86 17000
57 202 201 40.54 946.73 93.26 191.83 62.87 15000
57 340 339 47.62 1712.66 200.94 294.53 77.07 11000
58 395 394 68.40 2000.18 229.86 355.68 95.35 21000
58 66 65 18.24 272.96 15.12 48.87 18.60 9000
58 72 71 14.26 262.52 16.71 61.76 28.90 5000
58 376 375 64.24 1888.20 216.73 287.60 97.98 19000
58 209 208 31.99 1014.75 110.37 175.87 53.67 8000
58 68 67 13.71 266.24 17.74 56.39 25.30 6000
58 124 123 21.03 574.10 56.71 97.44 38.58 7000
58 82 81 25.96 351.14 14.51 78.81 50.34 12000
58 79 78 18.39 348.61 26.55 59.46 21.19 11000
58 177 176 32.00 800.45 76.89 157.81 57.47 15000
58 394 393 66.60 2003.40 234.69 342.37 82.83 14000
59 393 392 61.30 2004.70 242.47 333.32 88.00 5000
59 383 382 76.38 1928.77 201.68 348.05 109.14 23000
59 378 377 65.65 1903.60 211.51 339.64 103.81 24000
59 240 239 40.72 1172.48 125.16 220.50 59.13 4000
59 395 394 54.64 2004.33 254.49 324.14 91.07 8000
60 321 320 55.75 1628.59 182.31 262.96 66.47 12000
60 360 359 72.60 1825.96 193.48 301.01 93.99 33000
60 207 206 37.91 990.77 99.71 187.17 61.41 14000
60 151 150 39.66 701.97 55.93 135.97 51.64 26000
60 397 396 54.91 2002.45 249.48 319.38 97.96 4000
60 89 88 14.48 403.24 36.32 74.47 33.31 5000
60 155 154 26.04 747.60 79.03 120.68 50.95 5000
61 153 152 28.86 681.70 63.59 146.51 48.42 14000
61 247 246 50.05 1216.89 126.81 194.43 70.52 25000
61 136 135 24.50 611.09 57.17 136.26 47.52 9000
61 275 274 67.08 1354.61 127.40 222.31 96.91 34000
61 350 349 60.35 1763.03 201.14 273.70 84.31 10000
61 209 208 36.25 1041.65 112.94 170.91 55.83 10000
61 69 68 12.98 252.86 16.94 59.81 26.22 6000
61 228 227 42.85 1132.41 120.76 178.08 55.69 16000
61 210 209 35.01 1039.71 113.16 164.43 55.06 10000
61 84 83 23.27 370.79 22.35 77.32 36.49 12000
62 39 38 12.54 125.49 -1.68 30.89 22.56 11000
62 401 400 44.22 2004.81 260.74 330.37 87.62 1000
62 92 91 24.59 391.45 25.97 72.68 36.80 17000
62 187 186 39.56 890.52 82.46 168.68 55.81 20000
62 149 148 19.47 718.06 78.66 128.89 38.75 3000
62 408 407 70.35 2002.72 231.25 365.50 105.08 18000
62 354 353 55.64 1766.53 204.57 292.80 74.28 9000
62 404 403 98.18 2004.31 207.85 342.97 142.96 38000
63 374 373 56.95 1873.88 218.47 317.61 100.01 12000
63 143 142 27.49 640.44 56.99 143.81 59.92 16000
63 227 226 33.48 1117.28 127.83 187.18 57.24 9000
63 199 198 33.68 958.71 103.30 151.90 65.49 4000
63 124 123 25.37 563.30 47.48 115.24 50.14 10000
63 400 399 72.02 2000.72 227.54 380.49 127.31 28000
63 80 79 23.49 311.12 14.45 91.53 50.03 12000
63 184 183 28.56 851.37 92.38 158.35 50.82 5000
64 209 208 38.79 986.98 102.31 192.30 86.40 19000
64 427 426 82.47 2002.99 224.15 390.67 166.19 26000
64 261 260 49.91 1201.55 118.53 245.93 74.31 23000
64 428 427 83.90 2000.41 218.72 400.29 130.39 35000
64 159 158 29.25 715.13 70.54 145.90 64.15 11000
64 402 401 58.47 2001.93 243.28 341.06 126.44 17000
65 123 122 24.38 549.23 46.92 119.61 93.42 12000
65 396 395 62.08 2002.83 240.92 345.53 105.38 6000
65 44 43 15.87 132.03 -4.58 55.59 32.67 11000
65 196 195 26.85 937.43 105.50 168.33 68.86 5000
65 76 75 17.86 318.92 20.58 71.39 46.60 12000
65 271 270 33.87 1293.34 152.38 246.70 65.23 4000
65 273 272 39.82 1299.46 145.20 258.94 99.80 12000
65 400 399 55.26 2001.73 250.87 337.19 85.93 7000
65 45 44 14.48 154.88 -1.68 52.29 42.72 10000
66 373 372 50.33 1839.50 214.65 353.10 89.50 11000
66 227 226 37.83 1065.68 105.83 250.28 95.70 18000
66 365 364 59.45 1756.63 191.11 362.03 124.27 19000
66 157 156 27.70 726.64 68.45 162.67 61.84 14000
66 397 396 48.73 2002.02 246.96 384.54 103.51 0
66 80 79 13.42 299.85 20.78 91.86 45.77 5000
66 416 415 82.48 2002.81 213.10 415.05 154.43 43000
67 228 227 34.04 1099.67 117.67 232.06 66.56 7000
67 213 212 39.30 995.06 99.95 201.64 75.97 17000
67 363 362 94.98 1786.06 162.54 376.11 153.02 47000
67 200 199 29.68 974.61 107.29 175.04 65.36 8000
67 150 149 25.28 700.12 66.17 161.88 64.08 8000
67 399 398 53.98 2004.12 249.41 351.67 93.68 9000
67 152 151 21.87 729.96 78.36 142.01 54.99 5000
67 84 83 20.32 336.30 19.22 100.75 63.13 13000
67 147 146 21.19 713.67 73.12 149.12 46.83 5000
68 314 313 66.08 1498.68 145.31 301.04 125.79 37000
68 209 208 40.87 1030.23 103.81 162.69 79.98 19000
68 400 399 50.67 2004.00 251.63 361.76 75.95 6000
68 114 113 13.54 531.78 58.42 88.66 36.44 3000
68 139 138 30.17 639.96 53.62 140.77 63.41 16000
68 258 257 41.78 1254.27 136.87 242.36 93.99 10000
68 374 373 64.25 1833.79 199.90 352.88 109.45 18000
69 135 134 21.76 633.92 63.26 127.40 43.32 10000
69 266 265 54.49 1305.91 133.22 238.40 97.62 24000
69 274 273 66.23 1339.12 123.27 281.55 98.26 37000
69 70 69 13.25 242.61 13.20 77.05 35.67 7000
69 84 83 17.25 376.50 29.03 81.07 40.65 7000
69 421 420 59.89 2003.61 239.98 392.26 140.74 8000
69 113 112 17.83 509.59 49.64 104.65 29.29 8000
69 421 420 51.19 2001.48 250.16 393.32 124.60 9000
70 380 379 65.19 1854.56 200.50 364.23 120.96 20000
70 398 397 65.68 2001.51 230.95 396.16 114.00 22000
70 165 164 36.71 802.87 69.60 173.27 79.70 20000
70 399 398 57.84 2004.53 241.58 367.19 109.28 14000
70 152 151 24.71 709.04 71.27 148.00 53.27 10000
70 125 124 23.29 585.84 54.47 118.61 38.57 13000
70 400 399 50.73 2003.51 255.62 350.42 74.99 0
71 64 63 10.98 270.07 18.97 61.31 24.82 4000
71 212 211 33.79 1079.40 120.96 180.22 63.90 16000
71 392 391 59.63 2000.05 237.96 378.39 112.73 7000
71 287 286 38.90 1462.14 167.81 257.98 90.95 9000
71 71 70 13.98 304.42 21.85 63.63 31.60 10000
71 138 137 21.61 655.21 66.69 124.50 43.17 10000
71 83 82 20.54 341.20 20.78 83.62 47.91 14000
71 389 388 59.01 2001.54 241.38 350.98 108.01 15000
71 89 88 14.53 369.83 31.98 83.70 30.93 10000
72 355 354 55.90 1780.71 198.73 329.43 99.41 12000
72 124 123 13.97 587.58 64.00 118.70 47.82 2000
72 309 308 49.48 1582.91 176.65 275.55 90.02 16000
72 80 79 17.40 360.70 27.18 73.97 35.31 11000
72 232 231 38.41 1149.54 123.48 201.76 91.86 12000
72 389 388 56.41 1945.10 225.01 363.94 101.36 9000
72 334 333 52.31 1651.39 186.46 312.05 83.95 12000
72 135 134 18.83 666.98 71.94 118.92 46.47 4000
73 383 382 56.42 2003.28 242.39 333.31 109.15 13000
73 392 391 70.34 2004.19 232.31 331.99 114.87 22000
73 387 386 52.15 1992.07 242.87 321.70 86.58 6000
73 320 319 71.80 1630.83 162.43 280.71 107.19 30000
73 392 391 48.21 2000.58 255.12 336.12 79.77 0
74 226 225 38.22 1107.63 117.16 219.83 69.59 7000
74 399 398 51.78 2005.47 251.47 355.89 87.46 0
74 361 360 56.78 1756.33 196.92 339.63 103.11 15000
74 126 125 20.88 585.80 56.14 127.91 56.62 7000
74 399 398 48.03 2004.10 255.74 353.76 89.69 0
74 83 82 11.64 366.98 33.23 79.68 29.12 5000
74 69 68 12.87 293.23 21.11 71.90 25.93 8000
74 76 75 10.91 333.59 29.10 75.98 32.19 3000
75 83 82 13.79 386.82 33.26 74.62 46.54 5000
75 424 423 65.96 2005.23 235.30 418.77 115.01 13000
75 417 416 76.85 2004.39 220.85 405.48 142.08 23000
75 109 108 19.65 485.67 42.94 111.48 38.91 7000
75 400 399 61.68 2001.39 238.98 361.12 110.08 13000
75 408 407 63.43 2002.23 237.45 388.01 97.66 15000
76 395 394 61.63 2003.26 238.42 368.85 82.91 11000
76 404 403 69.13 2002.19 227.85 397.57 93.50 17000
76 401 400 82.32 1964.54 197.97 435.95 113.15 38000
76 294 293 47.53 1421.01 153.60 299.37 94.25 15000
76 121 120 20.15 519.68 48.06 127.76 57.55 5000
76 417 416 71.03 2002.40 226.07 441.73 135.98 15000
77 431 430 80.06 2003.77 217.75 452.14 111.36 30000
77 395 394 57.90 2003.37 244.42 361.48 96.17 7000
77 408 407 90.79 2002.49 205.00 419.91 90.59 34000
77 83 82 19.09 382.23 27.47 86.16 52.26 9000
77 74 73 12.03 326.88 26.14 75.87 44.27 3000
77 245 244 35.69 1191.05 130.12 234.78 89.66 9000
77 400 399 56.39 2003.57 247.44 367.22 87.48 2000
78 78 77 12.79 351.68 27.37 84.34 30.57 3000
78 148 147 21.87 703.13 72.71 140.52 53.75 3000
78 377 376 79.18 1760.52 170.38 410.01 198.76 37000
78 216 215 42.81 995.19 96.24 207.35 51.32 13000
78 415 414 71.35 2004.48 228.23 383.08 115.81 25000
78 307 306 57.22 1495.89 151.57 312.43 117.44 24000
78 419 418 54.16 2000.36 246.54 398.04 108.51 7000
78 63 62 10.79 263.90 19.17 53.72 20.07 4000
79 407 406 56.41 2003.60 243.73 365.06 135.13 13000
79 371 370 58.54 1818.38 200.19 365.21 117.45 13000
79 413 412 75.13 2003.20 218.42 431.83 141.09 34000
79 433 432 88.88 2002.25 206.04 444.30 127.52 43000
79 249 248 40.39 1218.53 129.50 243.06 87.07 7000
79 62 61 12.88 254.31 13.82 56.64 23.19 4000
80 159 158 38.96 692.03 48.02 185.42 60.80 26000
80 431 430 73.71 2002.51 219.58 453.98 164.13 26000
80 450 449 115.37 2004.92 176.12 517.40 151.09 70000
80 29 28 9.11 81.85 -6.71 28.69 23.20 6000
80 129 128 23.11 585.26 53.60 131.00 68.98 7000
80 77 76 12.96 301.98 22.13 88.77 46.84 4000
80 416 415 68.23 2003.85 233.20 386.36 152.47 22000
80 62 61 12.50 227.20 11.73 62.61 28.15 3000
