0 37 36 10.38 81.84 -6.13 19.15 21.82 7000
0 27 26 6.28 49.68 -6.99 15.32 14.80 3000
0 39 38 7.10 83.06 -1.85 21.95 9.62 4000
0 79 78 26.17 277.71 9.82 38.93 37.05 20000
0 58 57 18.13 173.78 2.53 27.99 30.01 13000
0 79 78 21.09 251.60 12.81 35.36 25.41 8000
0 57 56 14.39 177.93 6.48 26.80 12.39 5000
0 63 62 13.63 216.97 11.11 28.92 18.14 4000
0 82 81 32.33 284.84 9.00 42.36 33.11 21000
0 77 76 19.96 279.54 16.77 36.81 18.43 8000
0 58 57 14.24 187.63 6.04 27.24 24.81 8000
0 76 75 16.50 291.47 20.28 30.87 26.51 10000
0 73 72 17.11 247.94 12.30 37.91 22.46 7000
0 61 60 16.85 188.57 6.45 29.27 29.30 13000
0 71 70 18.53 223.59 9.68 36.01 26.68 11000
0 68 67 20.67 225.36 7.44 33.97 19.61 15000
0 68 67 15.19 205.03 10.62 28.21 18.72 4000
0 67 66 10.74 185.58 11.21 25.68 16.60 3000
0 75 74 18.73 280.27 15.43 36.88 31.85 13000
0 63 62 17.52 196.56 5.89 33.73 31.47 12000
0 61 60 18.49 196.38 4.84 32.51 28.80 14000
0 64 63 13.95 211.78 11.29 26.51 19.31 6000
0 65 64 17.56 227.11 10.12 31.57 23.20 7000
0 125 124 32.57 486.78 34.93 66.93 49.36 21000
0 63 62 13.29 195.56 9.42 36.56 19.80 3000
0 65 64 17.96 216.62 6.07 28.98 25.43 11000
0 60 59 11.61 202.66 11.89 27.87 16.92 3000
0 75 74 21.35 280.12 14.30 35.20 25.03 12000
0 56 55 13.89 155.39 3.01 29.42 24.21 7000
0 60 59 9.69 184.53 10.16 27.13 13.69 3000
0 57 56 14.24 175.55 4.48 23.55 23.81 9000
1 58 57 14.41 201.67 8.39 25.49 21.33 5000
1 77 76 18.82 250.23 12.42 38.54 35.44 7000
1 65 64 7.56 176.20 12.34 27.63 14.80 3000
1 65 64 13.09 188.03 7.99 33.07 27.80 4000
1 79 78 16.92 269.95 17.52 40.86 20.64 8000
1 63 62 15.59 196.57 6.65 27.55 27.53 11000
1 62 61 19.92 189.89 3.38 32.00 24.11 9000
1 68 67 15.58 218.38 10.73 32.07 22.51 3000
1 63 62 16.65 223.97 9.48 35.68 21.52 8000
1 71 70 12.70 241.28 16.46 32.03 20.15 6000
1 62 61 12.17 191.78 10.10 31.19 15.61 5000
1 138 137 55.70 530.96 23.13 66.74 48.25 44000
1 67 66 15.45 216.46 10.97 26.83 13.58 6000
1 79 78 19.30 226.93 10.03 41.11 41.52 12000
1 72 71 17.46 240.34 12.72 34.08 20.42 10000
1 62 61 14.53 195.96 7.41 31.58 13.85 7000
1 61 60 11.37 189.07 10.92 28.89 15.24 3000
1 67 66 14.80 206.86 8.82 33.80 24.44 7000
1 72 71 21.46 245.42 9.11 34.07 32.56 15000
1 69 68 15.28 235.54 13.37 31.64 21.55 5000
1 71 70 16.11 228.48 12.63 32.16 18.05 8000
1 68 67 16.91 198.79 7.90 39.44 20.36 7000
1 63 62 10.25 192.96 11.50 29.46 16.60 3000
1 68 67 13.53 231.08 12.97 34.31 27.30 6000
1 60 59 9.78 187.02 10.66 28.35 14.05 4000
1 68 67 13.03 208.67 11.86 36.80 20.60 4000
1 76 75 20.90 274.50 15.41 37.29 19.82 12000
1 61 60 10.94 182.66 10.09 22.15 15.77 5000
1 66 65 15.22 230.58 13.36 32.92 14.83 5000
2 58 57 9.33 167.51 8.29 28.22 14.71 3000
2 92 91 26.93 341.88 19.48 45.68 33.56 18000
2 68 67 13.08 221.76 13.97 31.61 15.20 4000
2 67 66 14.35 224.15 13.60 31.83 10.84 8000
2 66 65 8.49 236.74 20.05 27.36 12.82 3000
2 59 58 8.96 174.50 9.45 27.99 12.42 3000
2 67 66 15.38 238.58 13.25 28.79 28.13 7000
2 69 68 16.85 232.53 12.50 30.33 14.95 10000
2 64 63 11.06 207.67 13.22 29.77 21.78 4000
2 58 57 9.57 154.25 6.12 26.72 20.57 3000
2 67 66 15.67 186.35 6.85 39.26 19.55 9000
2 70 69 15.45 240.31 13.29 38.05 19.91 4000
2 60 59 10.83 179.61 8.31 30.06 21.41 5000
2 61 60 10.34 193.38 10.29 27.27 13.63 4000
2 76 75 17.31 252.09 13.85 39.00 24.09 7000
2 71 70 16.55 280.68 17.58 37.56 19.11 5000
2 71 70 13.86 240.48 16.25 32.77 15.32 5000
2 57 56 12.26 172.12 6.93 26.62 19.65 7000
2 58 57 13.15 154.11 4.14 26.37 15.00 5000
2 67 66 14.36 233.63 13.21 34.72 27.79 3000
2 70 69 13.84 220.56 12.73 33.39 14.45 9000
2 62 61 10.68 190.15 11.14 29.52 18.73 4000
2 62 61 12.82 197.54 10.28 30.14 13.52 5000
2 78 77 22.94 272.39 14.02 41.34 22.91 15000
2 68 67 11.43 188.83 10.74 36.45 23.59 6000
2 61 60 13.00 207.27 10.76 27.52 19.84 9000
2 56 55 11.50 175.39 7.33 25.97 22.63 4000
2 143 142 45.30 640.39 43.46 70.12 51.80 30000
2 70 69 20.47 234.71 7.51 35.22 49.43 14000
3 61 60 11.97 195.94 10.98 31.56 16.52 4000
3 77 76 13.76 262.51 19.69 39.04 21.41 5000
3 59 58 15.35 206.60 8.32 31.06 17.44 8000
3 66 65 19.32 224.09 8.48 35.17 25.46 13000
3 75 74 14.27 251.47 16.52 40.89 31.37 7000
3 64 63 11.73 214.36 13.32 28.70 16.55 3000
3 72 71 19.34 246.50 11.89 37.34 25.40 11000
3 70 69 11.34 248.47 20.16 36.23 11.20 3000
3 58 57 12.99 191.78 9.35 28.98 15.51 3000
3 68 67 14.44 230.07 13.08 36.05 27.83 4000
3 81 80 35.90 312.07 3.11 56.33 68.24 28000
3 116 115 29.32 470.68 35.52 57.66 43.66 17000
3 70 69 16.60 261.38 16.15 38.74 23.43 8000
3 67 66 11.58 196.24 11.67 35.70 12.54 5000
3 62 61 22.15 186.97 0.75 39.03 25.71 16000
3 65 64 14.26 228.36 13.30 35.08 17.44 7000
3 66 65 12.79 235.42 14.99 34.07 25.42 2000
3 62 61 11.86 214.32 12.93 34.38 15.77 5000
3 83 82 14.89 303.06 24.29 38.50 18.29 6000
3 68 67 11.55 231.40 16.54 28.87 23.86 4000
3 80 79 15.82 279.11 20.65 40.76 21.48 4000
3 67 66 10.05 198.63 13.19 34.40 20.30 3000
3 67 66 15.81 219.79 10.83 32.97 15.17 8000
3 58 57 15.70 168.53 4.42 31.78 23.35 10000
3 57 56 12.37 174.85 7.69 24.06 15.50 6000
3 63 62 22.36 210.72 2.88 39.40 31.41 15000
3 61 60 19.71 202.68 4.21 33.66 22.53 14000
3 114 113 46.11 432.57 13.15 77.25 47.83 36000
4 67 66 13.61 241.10 15.76 34.29 15.83 4000
4 68 67 15.60 247.04 15.71 31.40 16.81 6000
4 77 76 19.38 220.83 8.49 40.21 17.82 12000
4 70 69 11.45 237.17 17.36 34.37 14.33 4000
4 125 124 65.55 565.33 10.56 95.73 72.36 53000
4 121 120 50.97 490.05 17.46 82.41 54.17 45000
4 60 59 14.35 207.54 10.86 30.83 14.91 8000
4 71 70 13.73 234.89 15.53 35.00 24.88 3000
4 67 66 15.51 231.22 12.17 34.86 21.78 5000
4 82 81 17.27 298.24 20.94 43.59 35.51 8000
4 64 63 12.39 202.21 11.54 30.19 20.72 5000
4 70 69 20.86 233.60 10.77 39.80 20.34 10000
4 59 58 10.00 187.81 12.20 27.09 10.57 4000
4 68 67 8.54 209.94 15.95 33.88 16.53 3000
4 61 60 10.95 201.45 12.37 31.07 9.78 4000
4 75 74 11.97 254.92 19.30 39.43 21.45 4000
4 62 61 13.43 189.97 8.84 30.06 21.72 5000
4 68 67 11.89 225.81 14.38 38.91 14.91 6000
4 75 74 14.60 261.16 18.66 39.12 27.29 3000
4 65 64 10.17 191.60 11.06 39.14 20.08 3000
4 63 62 12.93 199.01 10.05 37.46 17.14 4000
4 64 63 11.65 187.64 10.23 34.66 16.72 4000
4 75 74 17.42 278.74 18.24 43.93 18.72 6000
4 65 64 15.47 215.56 9.53 33.95 19.60 8000
4 74 73 14.20 257.45 18.23 41.37 20.56 9000
4 68 67 11.88 207.17 13.21 37.84 13.60 6000
4 69 68 13.79 244.18 16.56 35.79 13.35 4000
4 64 63 16.13 218.10 10.62 33.86 15.68 6000
5 33 32 7.76 54.76 -6.38 19.31 8.24 6000
5 57 56 10.82 190.81 10.84 24.54 10.75 5000
5 61 60 8.85 184.51 11.24 28.92 13.17 4000
5 118 117 21.68 505.86 48.16 58.20 31.15 8000
5 82 81 16.43 275.90 18.01 38.42 23.07 13000
5 68 67 14.22 231.09 13.01 37.27 20.01 9000
5 67 66 15.48 214.18 10.38 37.77 19.95 8000
5 45 44 9.32 136.51 3.88 25.43 4.46 7000
5 72 71 18.35 245.17 10.00 34.28 17.68 13000
5 67 66 14.20 194.41 9.16 40.19 13.76 7000
5 62 61 14.18 186.77 6.67 34.11 21.55 8000
5 75 74 19.47 257.40 13.39 41.71 19.34 11000
5 66 65 10.84 221.69 15.97 31.38 13.41 5000
5 78 77 14.01 303.63 23.28 41.78 27.52 3000
5 86 85 20.56 328.96 21.91 44.62 22.98 12000
5 68 67 10.79 230.80 15.79 37.00 23.38 3000
5 64 63 11.25 169.23 6.36 35.58 25.56 7000
5 72 71 11.27 234.29 16.35 37.61 13.85 5000
5 66 65 9.59 223.28 17.45 33.25 11.70 4000
5 64 63 9.02 195.86 13.63 33.17 13.47 3000
5 77 76 13.69 282.92 20.69 35.85 22.69 6000
5 59 58 9.28 194.36 12.43 28.58 10.80 4000
5 59 58 10.62 179.26 9.57 31.52 9.81 7000
5 65 64 13.56 221.60 12.41 31.90 18.14 6000
5 40 39 7.77 101.97 -0.93 20.47 7.14 4000
5 66 65 11.84 187.59 9.19 35.76 18.54 4000
5 60 59 9.66 193.54 11.51 26.34 13.25 4000
5 69 68 12.00 228.85 14.57 35.38 14.48 4000
5 69 68 17.71 204.39 5.29 38.68 14.82 12000
5 57 56 13.36 170.21 4.06 31.58 26.86 7000
6 60 59 21.86 178.06 -2.10 39.54 43.54 20000
6 58 57 10.08 182.58 10.14 31.27 22.30 6000
6 65 64 26.16 237.83 2.07 37.60 29.86 23000
6 60 59 20.49 215.12 4.36 29.83 22.98 16000
6 56 55 19.19 183.99 2.65 32.45 23.72 14000
6 54 53 35.23 147.15 -13.81 49.00 40.19 28000
6 29 28 6.03 43.57 -7.26 19.34 2.03 5000
6 68 67 38.27 245.04 -7.53 48.59 42.31 28000
6 79 78 52.73 258.60 -16.19 69.66 77.80 37000
6 62 61 11.19 175.95 7.49 34.95 17.20 4000
6 70 69 40.74 243.22 -10.35 56.04 71.48 29000
6 62 61 15.60 167.73 3.91 34.52 20.78 12000
6 76 75 32.70 267.59 0.02 47.47 52.30 28000
6 71 70 24.62 278.21 8.19 42.18 31.59 21000
6 87 86 18.31 291.51 18.58 54.66 23.22 12000
6 58 57 21.14 159.06 -2.89 39.11 30.14 19000
6 35 34 8.37 70.41 -4.90 26.25 2.19 5000
6 62 61 23.15 184.70 -1.70 44.96 48.14 20000
6 69 68 16.49 227.96 9.65 41.30 34.74 12000
6 63 62 28.63 218.06 -0.77 43.09 32.99 21000
6 68 67 31.43 239.22 -4.18 47.43 58.59 21000
6 59 58 15.20 170.57 3.94 33.82 20.50 12000
6 77 76 37.75 274.42 -4.56 56.35 48.99 25000
6 52 51 14.70 149.91 0.80 38.13 21.77 10000
6 28 27 5.34 39.84 -7.23 14.43 3.00 4000
6 61 60 20.91 165.19 -2.56 45.96 44.76 13000
6 61 60 24.83 206.82 -4.16 46.15 33.80 18000
6 63 62 14.27 214.10 10.34 29.14 15.67 6000
6 56 55 23.93 172.81 -4.34 40.53 28.72 17000
6 139 138 144.76 546.94 -56.05 171.10 157.86 96000
6 55 54 21.38 160.48 -1.72 39.92 25.18 16000
7 51 50 31.42 147.62 -11.80 45.85 38.43 23000
7 29 28 6.63 49.38 -6.81 15.50 10.67 4000
7 64 63 41.32 192.68 -14.75 59.92 60.38 32000
7 62 61 36.14 171.06 -12.29 53.62 60.09 28000
7 54 53 31.19 143.06 -11.94 51.62 40.24 25000
7 34 33 10.03 80.11 -5.35 24.32 18.47 6000
7 60 59 13.48 192.97 7.58 31.07 23.11 4000
7 58 57 31.41 155.40 -12.86 52.70 62.28 20000
7 69 68 57.56 213.99 -24.71 78.67 83.99 42000
7 51 50 26.24 123.14 -10.30 47.27 34.65 20000
7 63 62 22.00 207.06 3.79 40.39 32.84 16000
7 28 27 7.01 53.74 -7.20 14.78 5.16 4000
7 39 38 18.13 106.04 -8.78 36.66 24.27 14000
7 62 61 46.12 194.32 -19.75 65.08 50.70 36000
7 44 43 12.22 131.38 0.15 32.05 20.13 5000
7 61 60 25.06 201.76 0.06 46.02 39.36 21000
7 33 32 9.61 58.66 -6.71 24.34 4.96 6000
7 43 42 20.42 117.24 -8.82 38.22 26.87 17000
7 35 34 9.12 65.69 -6.35 24.21 18.41 5000
7 49 48 19.33 135.09 -4.77 39.36 25.65 18000
7 31 30 9.62 54.00 -7.32 15.63 4.43 6000
7 55 54 28.37 152.00 -9.87 49.00 35.08 16000
7 52 51 36.07 162.16 -14.66 50.36 42.82 29000
7 47 46 14.81 111.18 -3.86 26.35 12.86 9000
7 52 51 21.17 160.49 -4.92 38.75 46.31 16000
7 42 41 18.02 132.23 -5.85 34.86 22.76 12000
7 75 74 67.83 276.42 -29.41 77.98 72.04 46000
7 28 27 10.70 53.32 -9.18 18.73 6.79 8000
7 62 61 41.22 187.52 -14.51 57.37 44.20 37000
7 61 60 32.74 196.75 -7.96 46.77 43.89 18000
7 74 73 18.84 267.07 14.57 40.56 27.06 13000
7 52 51 25.28 155.18 -7.13 46.36 33.13 18000
7 47 46 18.00 128.53 -4.56 41.26 27.01 11000
7 52 51 31.87 152.70 -11.85 45.82 34.55 26000
7 38 37 9.95 84.33 -4.18 22.51 7.92 5000
7 62 61 42.55 216.95 -17.00 62.11 64.25 30000
7 44 43 21.54 112.69 -8.81 37.69 28.48 19000
7 32 31 10.17 77.48 -5.59 17.88 8.32 7000
7 42 41 18.43 116.74 -7.19 35.45 24.57 18000
7 48 47 22.04 147.35 -5.80 43.91 31.89 18000
7 34 33 8.63 81.44 -4.07 21.09 6.86 4000
8 27 26 7.50 43.10 -8.04 17.00 17.83 3000
8 131 130 56.40 526.60 18.28 77.48 68.97 45000
8 61 60 25.66 199.98 -0.21 35.65 25.75 19000
8 84 83 31.45 301.11 8.54 53.41 51.82 22000
8 57 56 16.26 178.56 3.84 33.43 30.59 7000
8 60 59 27.13 187.30 -2.51 37.52 31.02 26000
8 63 62 25.24 190.85 -0.06 35.62 39.86 23000
8 69 68 27.80 229.14 2.45 41.80 35.15 22000
8 61 60 28.68 188.73 -5.21 34.83 50.12 17000
8 65 64 24.31 225.49 4.63 38.48 25.64 22000
8 65 64 27.16 215.92 1.24 42.74 28.49 26000
8 73 72 39.97 258.08 -3.72 48.07 40.82 38000
8 65 64 32.36 198.84 -3.92 45.29 32.14 27000
8 59 58 19.18 172.55 1.39 37.13 32.67 14000
8 63 62 30.13 193.54 -4.07 43.67 28.11 31000
8 70 69 28.40 220.09 1.50 43.37 36.04 22000
8 68 67 28.54 239.79 4.11 43.85 30.65 28000
8 65 64 26.98 243.79 3.99 38.64 28.89 23000
8 68 67 33.20 202.06 -5.50 42.12 46.66 29000
8 67 66 36.12 212.78 -5.13 43.68 33.81 30000
8 66 65 29.04 188.64 -3.71 43.06 44.26 27000
8 67 66 26.35 206.94 0.60 43.71 27.70 20000
8 70 69 43.09 236.96 -10.14 47.23 56.81 38000
8 58 57 27.86 196.81 -4.71 38.56 52.87 26000
8 61 60 29.87 223.39 -1.94 41.32 30.36 31000
8 58 57 23.11 184.55 -1.13 34.78 35.53 19000
8 71 70 26.14 223.44 1.37 43.58 36.87 23000
8 73 72 31.28 206.39 -1.20 51.61 38.22 31000
8 58 57 22.47 153.58 -1.52 38.52 23.65 15000
8 65 64 32.23 176.19 -6.52 47.26 33.02 25000
9 65 64 28.04 234.42 -0.64 41.70 52.85 24000
9 76 75 33.57 272.84 1.86 51.91 56.92 21000
9 66 65 24.28 228.04 4.78 41.83 27.92 18000
9 61 60 25.06 192.09 -0.95 42.92 38.88 20000
9 66 65 28.13 250.37 3.71 38.99 32.14 23000
9 69 68 30.42 259.89 3.53 45.38 38.38 25000
9 29 28 8.70 58.55 -7.19 18.84 4.68 6000
9 65 64 30.25 228.20 -2.07 42.74 33.56 27000
9 73 72 32.96 242.03 -0.80 50.15 53.04 25000
9 57 56 26.94 173.52 -4.35 44.67 29.61 19000
9 79 78 44.92 277.31 -4.27 60.02 51.38 35000
9 68 67 43.02 228.47 -9.12 55.19 46.10 35000
9 75 74 38.93 236.98 -3.31 51.84 41.41 33000
9 63 62 32.93 231.23 -5.74 50.52 37.64 25000
9 67 66 33.73 261.61 -1.59 45.29 36.35 29000
9 58 57 18.74 169.54 2.25 30.42 19.44 10000
9 68 67 41.32 238.53 -8.84 48.72 41.41 33000
9 70 69 44.32 230.25 -13.10 56.70 68.93 33000
9 55 54 20.00 151.01 -1.96 38.45 21.78 18000
9 68 67 24.27 217.00 3.60 38.62 35.80 15000
9 69 68 44.85 240.19 -13.09 55.49 49.52 33000
9 64 63 23.21 217.11 4.28 38.49 25.16 21000
9 60 59 18.76 177.10 1.08 37.20 32.41 14000
9 70 69 35.64 236.20 -4.34 45.98 61.05 25000
9 72 71 32.69 246.03 0.51 50.03 33.11 27000
9 87 86 45.49 326.59 -0.56 61.02 63.05 36000
9 71 70 39.61 256.44 -6.12 51.80 44.71 34000
9 128 127 66.47 569.83 11.44 87.44 83.57 47000
9 68 67 24.97 221.48 1.88 37.25 37.54 18000
9 61 60 31.01 212.93 -5.13 42.81 33.39 30000
10 62 61 13.07 156.04 5.25 32.38 23.82 3000
10 55 54 14.60 159.07 3.31 30.59 14.20 5000
10 59 58 13.28 164.59 5.06 31.04 22.35 6000
10 65 64 21.85 226.24 4.22 37.93 31.27 14000
10 57 56 16.69 191.09 6.45 30.15 14.29 7000
10 127 126 38.41 532.82 36.69 71.18 46.13 29000
10 71 70 21.75 268.26 12.87 36.47 20.78 18000
10 45 44 12.04 114.81 -1.05 23.99 6.58 9000
10 80 79 29.80 306.97 10.03 43.20 29.98 22000
10 51 50 15.17 157.24 1.98 25.69 9.78 9000
10 74 73 23.06 257.15 10.15 41.02 24.29 9000
10 58 57 14.10 162.71 4.32 31.64 19.51 6000
10 65 64 19.18 226.98 9.03 32.05 20.11 12000
10 69 68 22.34 271.51 9.43 35.06 21.06 14000
10 58 57 16.22 166.10 3.95 30.82 13.02 6000
10 64 63 22.46 203.95 2.75 35.60 23.07 15000
10 71 70 17.81 225.45 8.56 42.07 27.91 12000
10 136 135 34.88 543.34 41.31 75.00 55.30 17000
10 77 76 23.03 291.37 16.27 42.64 22.68 11000
10 64 63 18.58 194.16 5.17 36.53 20.61 9000
10 59 58 14.92 186.89 6.71 29.63 15.56 6000
10 59 58 16.25 185.64 5.11 33.08 17.81 10000
10 84 83 31.59 321.01 8.46 45.00 26.16 20000
10 135 134 46.94 512.79 24.17 76.58 53.91 32000
10 77 76 22.20 269.83 12.63 39.62 32.61 13000
10 62 61 16.06 219.99 10.43 32.68 16.23 5000
10 68 67 19.61 250.86 11.14 31.34 19.99 13000
10 75 74 23.47 279.70 11.45 37.35 32.43 21000
11 60 59 11.54 198.09 10.26 27.33 16.88 4000
11 89 88 18.98 346.96 25.45 44.30 33.77 8000
11 60 59 15.65 155.76 2.57 31.48 12.10 10000
11 146 145 49.52 655.06 39.10 84.01 62.57 35000
11 56 55 8.54 162.23 7.60 28.76 17.17 2000
11 84 83 20.11 314.73 22.36 38.47 19.56 8000
11 72 71 20.13 256.56 11.48 38.69 17.38 13000
11 69 68 12.58 227.14 14.97 28.80 14.29 4000
11 61 60 9.76 191.69 11.55 28.90 13.28 4000
11 64 63 12.80 205.30 10.52 31.97 19.51 4000
11 132 131 33.56 522.53 40.16 60.36 42.56 14000
11 71 70 19.33 263.96 12.02 38.43 25.54 14000
11 65 64 11.10 232.43 16.63 30.66 13.72 3000
11 61 60 10.96 185.14 9.34 29.75 18.85 5000
11 63 62 14.77 210.19 7.74 36.00 30.50 10000
11 66 65 12.86 242.69 14.64 34.39 17.96 6000
11 63 62 17.22 221.52 8.11 33.15 22.79 11000
11 67 66 14.23 253.93 15.90 33.19 23.97 10000
11 86 85 17.09 321.02 24.21 40.30 27.89 6000
11 80 79 25.96 302.38 12.09 37.71 19.47 13000
11 60 59 11.12 200.97 11.00 29.80 15.29 4000
11 83 82 17.42 315.96 23.64 42.36 32.00 5000
11 142 141 46.64 633.05 38.69 75.63 50.32 33000
11 69 68 15.66 213.66 9.80 36.80 22.15 8000
11 67 66 12.60 207.22 11.89 33.37 26.88 7000
11 67 66 13.55 231.99 13.80 30.28 23.53 4000
12 126 125 46.84 520.98 22.40 78.09 70.68 39000
12 47 46 14.16 139.59 1.30 25.66 9.51 6000
12 61 60 19.98 193.24 -0.33 36.53 26.85 13000
12 70 69 16.75 262.98 15.71 31.49 18.48 10000
12 66 65 20.09 231.20 5.83 37.44 29.22 15000
12 74 73 26.82 273.81 9.18 42.79 19.44 17000
12 230 229 100.92 1101.65 55.55 133.98 94.75 70000
12 118 117 37.77 514.93 32.60 59.85 40.56 17000
12 114 113 31.90 464.93 28.79 62.28 47.93 25000
12 178 177 50.87 773.64 60.73 98.47 87.14 29000
12 58 57 12.92 198.62 9.96 28.96 12.96 6000
12 67 66 14.30 229.03 13.41 32.77 15.95 5000
12 68 67 20.53 268.70 14.26 33.16 19.91 8000
12 119 118 43.31 447.19 16.32 66.35 67.19 32000
12 128 127 43.78 526.96 28.51 65.04 38.70 23000
12 64 63 13.80 210.77 11.43 31.77 17.78 7000
12 112 111 33.67 409.20 22.40 59.24 45.57 21000
12 68 67 19.72 251.02 9.66 33.54 29.06 11000
12 64 63 16.80 210.70 9.13 30.78 19.08 12000
12 59 58 12.15 172.19 6.24 29.21 27.85 7000
13 67 66 26.87 251.87 4.78 37.68 28.61 19000
13 76 75 24.46 248.74 6.85 43.86 33.50 18000
13 68 67 24.26 208.38 2.98 43.07 43.46 18000
13 59 58 14.58 192.07 5.23 32.39 35.77 9000
13 59 58 19.23 220.87 6.66 30.66 18.84 13000
13 134 133 75.27 593.97 8.20 76.80 60.45 59000
13 69 68 19.50 238.16 8.14 44.93 34.80 12000
13 84 83 26.19 339.50 17.83 51.95 46.24 20000
13 67 66 16.72 236.41 10.88 35.13 30.81 11000
13 78 77 28.49 299.57 10.51 41.28 34.35 22000
13 60 59 23.57 226.44 3.36 34.60 23.05 20000
13 73 72 23.98 291.16 11.69 40.60 28.43 16000
13 72 71 32.06 267.22 2.95 40.37 29.02 31000
13 61 60 21.34 209.47 4.23 31.29 22.04 14000
13 78 77 22.48 273.53 12.01 40.41 31.40 15000
13 56 55 13.97 179.28 6.14 29.49 14.93 5000
13 137 136 80.28 575.53 8.99 86.89 59.72 45000
13 66 65 21.74 200.82 4.20 34.32 18.82 15000
13 71 70 28.11 256.17 6.78 40.10 24.42 21000
13 67 66 18.32 255.93 12.80 39.59 35.59 9000
13 76 75 32.21 283.12 4.83 45.19 44.86 31000
13 56 55 14.69 178.30 6.06 31.40 12.54 4000
13 67 66 23.59 257.83 7.26 39.05 39.10 19000
13 107 106 38.78 414.42 19.22 56.28 43.08 34000
13 64 63 19.80 248.22 9.50 31.30 22.29 14000
13 77 76 30.40 296.21 7.98 42.76 26.93 24000
13 58 57 15.91 193.52 6.43 33.39 15.79 5000
14 81 80 34.51 271.33 -1.56 53.49 71.15 25000
14 63 62 10.45 171.00 8.92 30.59 19.62 3000
14 62 61 14.27 191.01 7.90 29.77 13.72 8000
14 64 63 17.89 213.62 6.76 36.17 19.93 13000
14 65 64 12.37 194.14 9.36 38.60 24.99 4000
14 56 55 11.15 164.85 4.95 27.09 19.43 6000
14 186 185 58.38 856.63 62.27 104.55 67.89 39000
14 74 73 24.68 298.41 12.71 35.14 29.32 17000
14 62 61 11.42 212.88 12.50 27.10 19.30 3000
14 139 138 49.92 606.17 35.13 68.48 60.12 37000
14 54 53 11.58 168.51 4.59 30.71 23.48 6000
14 121 120 28.24 503.00 40.57 64.09 42.60 10000
14 61 60 15.29 224.05 10.74 32.16 17.04 5000
14 64 63 17.22 210.68 7.74 36.14 24.95 8000
14 66 65 23.68 253.83 6.89 41.89 30.86 17000
14 64 63 15.56 219.37 9.18 33.69 22.89 5000
14 70 69 14.99 255.39 16.06 33.37 21.65 8000
14 69 68 15.42 250.19 13.87 37.50 28.28 7000
14 79 78 22.11 282.27 14.78 40.23 19.60 15000
14 58 57 14.51 165.99 3.18 35.06 27.69 9000
14 73 72 17.81 227.74 10.25 35.54 38.14 12000
14 129 128 35.40 561.81 39.52 71.51 53.78 24000
14 143 142 48.37 612.09 36.93 70.01 46.21 27000
14 63 62 16.79 208.33 8.40 33.30 8.70 11000
15 66 65 13.44 239.35 15.09 26.95 21.08 7000
15 82 81 21.77 321.97 19.72 38.95 20.33 14000
15 80 79 23.49 296.67 16.26 37.87 16.86 17000
15 75 74 21.47 284.60 14.27 37.76 18.60 12000
15 132 131 34.39 584.02 48.18 61.08 41.24 20000
15 88 87 18.35 343.35 26.16 43.81 33.68 5000
15 84 83 22.09 306.73 19.10 40.77 19.48 11000
15 159 158 39.52 696.55 59.10 82.19 42.97 22000
15 77 76 22.42 311.64 16.45 34.82 11.70 19000
15 68 67 9.92 226.08 16.24 30.30 14.33 4000
15 63 62 13.41 241.50 15.37 31.70 12.71 5000
15 68 67 12.21 243.65 16.69 34.16 17.60 4000
15 89 88 29.86 333.67 17.21 50.47 23.58 20000
15 61 60 14.36 210.48 9.09 33.34 10.67 9000
15 77 76 17.04 273.58 17.71 38.42 13.79 12000
15 116 115 19.65 473.48 47.96 48.44 22.77 4000
15 78 77 18.51 246.09 9.02 38.60 22.61 13000
15 73 72 19.40 274.95 15.67 40.20 18.60 10000
15 113 112 24.36 494.71 41.02 54.00 41.01 5000
15 74 73 14.76 266.15 17.73 31.71 28.58 6000
15 59 58 12.42 191.19 8.02 34.62 19.04 6000
15 130 129 26.10 587.20 55.22 64.97 40.08 13000
15 83 82 27.39 288.76 9.39 41.79 24.07 22000
16 124 123 35.92 532.30 35.53 69.23 47.20 22000
16 66 65 12.14 206.87 11.30 32.24 21.73 4000
16 77 76 17.22 279.60 17.61 38.61 23.05 7000
16 66 65 11.17 232.80 16.17 31.54 18.84 4000
16 67 66 14.74 217.65 9.78 31.00 23.28 12000
16 65 64 13.54 229.26 13.35 30.45 15.95 6000
16 68 67 10.87 244.03 17.63 31.90 20.36 4000
16 66 65 17.90 253.17 10.48 34.12 24.08 14000
16 65 64 10.89 236.98 16.27 33.28 21.33 5000
16 67 66 12.30 244.94 16.89 26.86 17.19 4000
16 71 70 9.45 242.14 19.02 31.71 16.50 3000
16 74 73 14.47 287.75 20.77 34.78 17.69 4000
16 65 64 12.34 215.07 11.49 33.58 24.77 7000
16 64 63 11.07 191.62 10.46 32.67 18.57 4000
16 91 90 29.15 386.29 18.54 40.07 26.48 18000
16 66 65 9.03 216.29 15.21 33.54 19.24 2000
16 62 61 12.52 218.03 11.30 34.63 22.11 7000
16 77 76 12.20 257.80 20.34 34.37 13.96 4000
16 65 64 13.10 248.54 14.42 35.14 19.18 4000
16 78 77 13.90 233.50 13.90 37.11 19.70 7000
16 66 65 14.79 234.35 12.26 33.19 16.04 8000
16 70 69 17.95 265.56 14.45 36.32 19.19 8000
16 85 84 21.70 356.13 25.09 37.59 18.03 16000
16 54 53 10.20 186.80 9.47 24.03 15.15 3000
16 57 56 10.95 174.16 9.02 24.00 9.11 6000
16 69 68 14.26 238.19 14.40 28.68 13.85 5000
16 68 67 13.63 195.31 8.36 34.27 13.18 9000
16 65 64 13.76 212.12 10.84 30.75 13.89 5000
17 64 63 11.04 223.79 15.33 26.13 20.39 3000
17 76 75 26.73 281.54 8.91 34.25 16.70 16000
17 69 68 16.37 244.59 12.35 33.76 19.41 11000
17 62 61 19.44 249.23 10.65 30.02 16.61 12000
17 67 66 13.60 249.02 16.43 30.32 17.71 6000
17 55 54 10.67 195.06 10.20 25.00 22.13 4000
17 68 67 16.05 236.45 13.14 30.70 14.86 7000
17 67 66 14.80 272.54 17.99 30.38 17.14 6000
17 67 66 15.04 270.89 17.63 33.09 19.42 7000
17 66 65 14.90 258.61 16.88 30.57 17.79 4000
17 62 61 14.91 219.75 10.05 33.65 20.35 5000
17 67 66 15.25 262.74 16.27 28.21 19.40 6000
17 75 74 18.67 289.99 18.15 33.58 17.48 7000
17 70 69 18.31 252.24 11.66 36.94 28.03 9000
17 94 93 20.21 391.72 33.31 43.40 29.24 5000
17 69 68 20.22 244.02 8.88 41.23 30.34 12000
17 68 67 16.48 248.41 12.97 30.07 22.79 9000
17 92 91 25.75 368.30 24.34 48.58 25.91 13000
17 77 76 28.26 273.85 5.84 40.27 16.75 22000
17 131 130 48.50 559.83 29.20 62.21 44.79 36000
17 60 59 13.77 186.53 6.08 31.16 23.36 7000
17 145 144 57.03 644.23 29.03 74.28 65.90 41000
17 128 127 58.89 562.21 18.46 61.67 64.01 48000
17 141 140 50.21 656.34 38.58 68.02 47.95 36000
17 65 64 17.85 234.26 10.75 32.11 21.77 6000
18 36 35 7.26 63.88 -4.56 17.88 10.15 5000
18 63 62 16.94 225.49 10.74 28.35 15.23 10000
18 179 178 33.43 843.11 87.24 86.97 46.65 9000
18 73 72 16.22 292.97 20.80 30.03 18.85 5000
18 128 127 32.75 567.99 46.88 54.67 45.96 18000
18 194 193 51.44 900.49 79.28 87.15 53.07 39000
18 67 66 10.19 248.48 20.14 27.71 13.01 4000
18 139 138 29.69 595.30 54.32 69.39 35.64 4000
18 66 65 21.01 229.80 8.68 25.05 15.62 13000
18 62 61 10.59 234.65 17.61 24.04 14.47 4000
18 274 273 61.18 1328.52 133.41 132.11 69.12 26000
18 178 177 48.82 840.90 69.90 88.95 57.00 23000
18 152 151 35.41 695.69 63.96 75.50 35.36 15000
18 67 66 13.02 226.41 13.85 27.68 17.75 7000
18 277 276 86.03 1370.32 118.86 116.77 73.61 49000
19 143 142 32.74 613.81 52.55 76.64 47.62 20000
19 71 70 11.81 266.56 20.30 31.63 18.39 4000
19 64 63 8.19 219.13 16.60 32.45 14.16 3000
19 63 62 13.11 231.45 13.52 31.23 16.58 5000
19 67 66 11.13 230.37 15.89 36.63 13.57 6000
19 73 72 13.39 260.32 17.46 34.94 18.93 4000
19 62 61 11.48 221.41 13.44 28.23 15.04 7000
19 62 61 10.47 203.79 12.18 35.36 19.06 3000
19 69 68 14.02 261.94 18.45 25.49 11.74 8000
19 57 56 7.40 201.13 14.45 24.20 15.68 3000
19 71 70 10.48 237.83 18.15 30.47 16.41 3000
19 76 75 14.70 304.41 24.39 33.87 14.57 5000
19 88 87 19.62 313.25 19.10 43.16 23.63 13000
19 215 214 64.22 992.63 78.07 107.56 69.33 41000
19 75 74 14.43 264.72 17.43 43.35 29.03 6000
19 75 74 15.73 282.56 19.14 36.06 14.38 6000
19 79 78 12.68 293.42 24.05 38.45 22.22 6000
19 117 116 22.45 519.99 48.28 54.44 36.01 16000
19 221 220 60.31 1040.96 92.19 99.12 56.63 32000
19 264 263 68.54 1259.02 116.90 134.04 80.20 35000
20 75 74 14.24 285.66 21.85 25.95 17.25 8000
20 65 64 18.29 243.96 11.01 27.47 5.47 13000
20 63 62 13.65 215.20 11.08 31.76 18.25 6000
20 78 77 18.72 299.05 19.11 38.31 21.66 9000
20 74 73 12.40 252.35 17.14 38.74 18.99 5000
20 136 135 42.36 600.30 40.08 63.13 29.49 24000
20 61 60 11.44 195.17 11.61 26.51 10.77 6000
20 59 58 9.20 208.68 13.72 28.46 13.47 3000
20 185 184 38.74 868.23 86.39 92.52 50.00 17000
20 146 145 41.16 656.53 53.63 62.61 36.65 30000
20 64 63 9.89 216.15 15.40 26.96 16.39 3000
20 64 63 12.54 220.09 11.25 39.62 22.44 5000
20 198 197 51.58 930.72 82.98 91.69 56.48 33000
20 60 59 10.39 194.88 11.30 27.64 14.77 4000
20 64 63 12.58 226.96 13.26 35.12 18.63 5000
20 66 65 9.45 225.27 17.18 30.56 12.30 4000
20 68 67 14.36 222.87 12.59 34.40 20.20 4000
20 70 69 20.19 288.13 14.80 26.59 22.77 14000
20 130 129 34.05 528.36 39.03 66.84 41.93 27000
20 81 80 16.70 319.83 23.65 39.29 28.97 7000
20 97 96 19.04 363.34 29.56 47.11 19.97 7000
21 146 145 39.31 670.24 53.16 80.39 51.58 17000
21 56 55 9.57 170.65 7.73 28.81 11.11 4000
21 72 71 13.30 272.74 19.78 32.89 19.60 5000
21 65 64 12.94 227.14 12.82 31.86 21.79 7000
21 78 77 14.49 300.26 22.84 40.03 15.89 6000
21 67 66 14.68 234.07 12.83 33.98 27.02 10000
21 129 128 27.83 574.38 51.76 60.77 45.48 18000
21 81 80 14.71 349.50 31.70 35.41 28.93 3000
21 67 66 11.09 206.23 11.83 33.80 28.08 4000
21 132 131 31.71 592.47 49.73 63.86 40.89 19000
21 63 62 8.60 203.60 14.63 33.01 12.87 4000
21 128 127 26.77 563.35 49.83 66.34 48.01 11000
21 72 71 12.21 253.84 18.01 36.37 23.89 4000
21 129 128 24.31 561.85 53.06 64.24 34.63 11000
21 57 56 8.94 178.52 9.53 29.35 15.32 3000
21 61 60 8.25 200.58 14.69 23.89 12.37 3000
21 137 136 28.20 639.44 59.93 69.48 51.46 5000
21 67 66 12.12 230.66 15.66 30.46 14.28 6000
21 62 61 12.75 211.55 11.65 28.61 15.30 6000
21 179 178 42.24 806.20 73.92 86.22 52.65 23000
21 69 68 12.73 244.27 16.29 35.56 21.45 6000
21 54 53 6.21 147.73 7.98 26.55 12.38 3000
22 67 66 14.46 221.35 10.19 39.54 29.15 7000
22 65 64 10.22 197.67 11.04 33.95 14.26 4000
22 67 66 11.16 247.73 17.83 34.15 21.85 3000
22 257 256 69.63 1267.58 116.80 134.01 74.82 41000
22 62 61 11.19 197.60 10.20 35.96 18.09 9000
22 68 67 10.04 247.65 18.35 35.26 22.19 4000
22 138 137 29.03 619.46 57.18 67.62 38.31 12000
22 124 123 24.67 552.36 50.21 63.56 35.71 7000
22 73 72 19.16 241.59 7.94 45.36 31.09 11000
22 89 88 31.01 362.64 16.35 46.04 29.05 25000
22 70 69 20.41 262.42 12.76 39.51 14.56 9000
22 124 123 32.92 520.61 38.38 59.09 38.63 15000
22 72 71 11.49 269.53 20.59 35.86 28.57 3000
22 77 76 11.18 279.00 22.66 40.33 25.55 3000
22 55 54 9.55 183.92 10.47 23.68 9.51 4000
22 76 75 23.05 297.73 11.56 45.40 36.98 16000
22 72 71 20.51 277.01 15.48 34.46 10.66 17000
22 95 94 28.04 364.50 21.02 49.80 17.19 18000
22 165 164 50.19 772.64 57.87 86.08 66.24 27000
22 136 135 48.70 607.05 37.64 61.31 38.18 28000
23 76 75 21.63 296.08 15.49 37.35 18.03 15000
23 145 144 30.14 636.13 58.32 69.51 39.72 18000
23 73 72 15.49 298.87 22.47 34.85 15.89 5000
23 81 80 14.58 315.31 23.65 44.67 26.71 4000
23 75 74 18.08 297.98 19.77 36.75 17.30 7000
23 66 65 13.20 206.87 11.61 25.80 12.24 7000
23 59 58 8.86 171.78 8.03 23.29 17.70 3000
23 72 71 11.90 250.22 17.08 36.29 22.13 4000
23 60 59 9.15 194.76 11.66 27.66 16.47 4000
23 65 64 10.62 209.43 14.50 30.32 12.65 6000
23 74 73 15.99 279.74 17.14 41.16 24.49 6000
23 77 76 18.15 299.69 18.90 40.19 18.45 7000
23 63 62 10.31 205.18 11.81 33.96 20.10 4000
23 57 56 9.43 183.63 9.94 30.32 14.67 3000
23 76 75 30.07 292.67 8.83 31.21 15.08 19000
23 221 220 76.99 1069.85 73.07 118.07 75.97 49000
23 57 56 8.44 164.28 7.40 26.96 13.12 4000
23 90 89 19.98 360.85 25.70 40.84 29.56 12000
23 61 60 9.11 207.19 13.98 23.13 11.73 4000
23 159 158 49.24 744.46 52.54 81.13 46.99 25000
23 190 189 52.84 923.48 79.26 87.88 63.87 37000
23 84 83 24.65 320.86 12.92 49.75 30.35 19000
24 61 60 9.04 224.99 17.21 27.14 12.68 5000
24 129 128 21.59 593.49 60.12 60.16 32.82 7000
24 67 66 13.39 229.50 13.31 31.82 21.92 4000
24 74 73 13.74 265.13 17.31 40.90 26.94 3000
24 61 60 12.12 185.62 8.27 28.36 11.98 6000
24 67 66 13.69 227.40 12.29 35.20 12.96 7000
24 68 67 9.03 240.66 19.25 29.25 16.94 4000
24 74 73 12.90 279.01 19.73 36.63 22.57 8000
24 69 68 13.35 262.21 18.57 32.95 15.65 4000
24 68 67 12.44 246.19 15.92 31.52 25.71 3000
24 79 78 11.37 309.37 26.87 38.26 18.13 4000
24 83 82 21.13 328.17 20.56 46.60 17.32 9000
24 125 124 42.47 578.82 34.28 56.23 47.96 26000
24 154 153 33.08 721.52 69.38 67.55 32.21 12000
24 65 64 15.51 241.50 10.21 28.44 11.82 10000
24 121 120 38.79 525.86 29.60 60.38 43.65 19000
24 62 61 9.38 225.24 17.20 20.81 10.83 5000
24 74 73 16.27 297.93 17.78 44.26 37.38 7000
24 67 66 10.86 242.06 17.05 30.46 22.20 4000
24 130 129 25.59 577.40 55.75 57.32 30.14 9000
24 60 59 7.89 197.17 12.93 31.08 13.88 3000
24 127 126 23.90 572.36 54.48 57.92 37.49 11000
24 137 136 32.70 599.56 49.07 77.18 41.83 16000
25 34 33 9.99 96.29 -3.22 15.66 7.35 8000
25 57 56 10.16 184.15 10.12 22.38 9.71 6000
25 78 77 13.57 281.32 21.37 40.90 21.09 9000
25 152 151 30.57 701.23 66.10 80.89 40.17 17000
25 227 226 69.99 1027.32 69.47 145.02 66.16 49000
25 55 54 7.77 158.37 7.80 29.39 17.32 3000
25 211 210 52.86 1002.49 91.02 108.07 55.40 33000
25 131 130 28.15 579.65 49.28 74.77 38.62 8000
25 254 253 52.07 1254.54 130.65 133.01 63.63 29000
25 290 289 63.73 1423.58 142.21 162.72 88.31 30000
25 54 53 9.89 183.20 8.38 29.08 13.99 3000
25 171 170 46.20 817.20 68.33 86.16 48.45 30000
25 59 58 9.99 208.62 13.05 31.99 15.34 5000
25 214 213 37.29 1019.08 109.41 114.94 54.12 13000
26 137 136 24.56 626.51 61.14 69.18 43.78 4000
26 195 194 51.13 949.54 82.20 98.82 51.14 29000
26 124 123 20.16 564.23 57.89 66.83 29.86 7000
26 134 133 19.67 605.68 63.26 69.42 36.06 8000
26 195 194 53.43 924.69 74.77 114.65 57.80 29000
26 61 60 11.59 208.25 11.05 33.66 17.31 4000
26 62 61 9.68 222.65 14.91 32.30 19.01 3000
26 134 133 22.69 599.71 60.42 67.03 32.29 9000
26 154 153 28.82 718.04 71.65 80.99 33.18 7000
26 148 147 45.44 661.71 46.44 71.76 38.25 36000
26 60 59 10.26 205.57 10.73 31.03 21.13 4000
26 87 86 18.64 354.65 24.63 49.60 38.55 10000
26 140 139 39.37 637.78 43.44 87.45 47.82 24000
26 210 209 62.57 993.46 76.55 114.81 45.34 46000
26 130 129 33.15 565.78 42.62 71.94 41.67 18000
26 74 73 14.95 284.84 20.31 36.79 16.70 7000
27 145 144 29.29 652.26 59.55 92.12 35.20 12000
27 86 85 23.70 351.71 18.13 52.89 33.29 17000
27 77 76 12.13 291.90 21.09 49.66 32.62 5000
27 157 156 35.49 689.25 60.78 85.62 47.22 19000
27 147 146 31.89 675.37 64.11 82.96 28.58 13000
27 133 132 26.79 598.38 54.10 75.90 37.35 8000
27 75 74 14.96 290.00 18.39 45.57 40.31 10000
27 152 151 30.38 674.83 64.23 82.57 37.60 15000
27 65 64 9.27 196.16 12.40 39.16 18.54 4000
27 88 87 15.95 349.52 27.66 51.67 27.06 8000
27 193 192 40.24 913.82 90.39 108.12 50.53 15000
27 131 130 25.12 575.73 51.44 85.20 47.48 13000
27 401 400 78.12 2004.21 225.70 248.86 102.02 28000
27 84 83 23.78 290.46 13.59 47.69 39.77 13000
27 92 91 31.96 361.54 14.15 52.37 20.98 18000
28 76 75 15.41 303.15 22.34 44.43 19.51 7000
28 194 193 51.13 871.93 74.94 106.91 63.07 22000
28 70 69 17.90 275.16 14.47 38.97 31.54 13000
28 72 71 12.90 276.42 19.25 37.25 24.76 6000
28 139 138 32.68 595.11 48.62 76.27 46.82 20000
28 137 136 23.05 585.35 58.15 76.58 33.99 5000
28 62 61 9.55 220.09 15.01 31.11 17.73 4000
28 149 148 30.29 705.29 66.77 86.43 47.37 12000
28 63 62 12.04 216.92 13.08 32.14 18.59 4000
28 223 222 61.03 1052.69 89.60 131.42 57.37 27000
28 130 129 19.57 594.05 60.83 69.21 40.29 7000
28 224 223 44.36 1078.84 112.63 121.33 61.65 9000
28 199 198 56.04 915.59 77.10 114.91 53.91 19000
28 134 133 26.37 615.39 58.42 72.83 33.55 13000
28 57 56 10.29 171.27 7.61 30.92 19.28 3000
29 214 213 52.10 1003.24 92.93 129.20 52.97 30000
29 346 345 74.37 1715.78 178.72 199.95 87.55 24000
29 66 65 10.80 227.24 15.59 35.54 16.16 5000
29 211 210 41.05 1034.88 110.28 113.35 49.92 12000
29 92 91 17.48 389.01 32.68 64.18 35.43 4000
29 63 62 10.21 205.22 12.96 35.39 16.03 4000
29 144 143 30.31 626.10 58.14 80.09 35.04 11000
29 162 161 35.81 747.16 68.56 94.09 56.97 13000
29 342 341 65.37 1679.12 185.79 190.90 88.92 26000
29 396 395 75.92 2003.66 239.17 209.68 93.72 28000
30 59 58 11.00 179.18 9.16 32.64 18.28 4000
30 241 240 52.12 1159.93 117.34 141.91 88.38 17000
30 128 127 24.51 536.54 50.39 68.26 35.44 6000
30 200 199 56.95 927.34 76.63 119.83 58.06 24000
30 283 282 64.65 1401.42 143.26 166.02 63.65 31000
30 63 62 10.70 221.19 14.62 35.42 15.20 3000
30 163 162 39.12 747.17 65.96 98.36 55.79 22000
30 203 202 37.86 938.64 98.74 111.97 56.97 9000
30 110 109 22.01 462.20 40.07 62.94 37.54 10000
30 407 406 82.78 2003.11 229.99 225.96 102.07 19000
31 302 301 70.91 1458.06 147.38 167.98 88.42 29000
31 142 141 34.70 639.26 53.37 89.76 43.93 20000
31 337 336 97.15 1636.28 148.27 189.42 83.89 57000
31 405 404 105.68 2003.27 206.32 225.30 110.16 54000
31 145 144 22.94 655.46 70.51 71.44 36.39 3000
31 69 68 17.38 236.10 12.62 35.38 13.18 10000
31 71 70 13.79 279.26 21.43 34.03 19.18 5000
31 71 70 19.97 221.78 9.56 36.51 18.49 15000
31 132 131 29.79 603.02 53.54 76.05 28.21 10000
31 72 71 12.13 273.94 22.68 36.25 18.93 3000
31 61 60 9.86 228.80 17.24 24.78 10.59 4000
31 68 67 12.66 236.15 15.60 34.93 19.51 6000
31 71 70 10.16 254.54 20.70 39.08 17.68 3000
32 220 219 58.51 1080.88 100.32 119.40 57.65 34000
32 215 214 42.21 1061.31 111.41 116.96 55.92 13000
32 62 61 13.99 225.80 10.65 34.74 25.27 4000
32 55 54 8.78 142.25 5.88 24.92 12.15 3000
32 70 69 12.78 229.82 13.37 45.31 31.30 4000
32 394 393 80.41 2001.76 229.72 223.98 102.21 17000
32 248 247 52.54 1161.23 118.14 133.44 63.57 23000
32 73 72 12.59 272.51 21.73 40.81 21.78 3000
32 67 66 14.94 234.07 13.58 32.71 13.45 5000
32 63 62 11.06 206.89 12.32 28.84 15.50 4000
32 262 261 53.91 1290.85 139.36 138.08 54.14 16000
32 78 77 12.62 315.85 25.95 44.94 36.83 4000
32 130 129 21.58 593.06 61.52 56.74 32.20 3000
32 61 60 12.81 183.42 8.65 27.22 13.03 7000
33 216 215 64.35 1040.36 88.16 117.86 58.60 39000
33 166 165 61.06 782.32 44.29 108.65 94.34 44000
33 122 121 20.53 537.30 53.54 68.80 24.78 9000
33 56 55 9.27 173.67 9.64 29.48 14.16 4000
33 86 85 13.86 365.69 33.15 46.23 25.30 6000
33 202 201 55.78 972.38 85.20 108.20 61.68 22000
33 192 191 42.59 932.48 91.38 101.87 66.82 17000
33 156 155 29.97 729.41 74.23 85.05 42.87 12000
33 74 73 21.64 318.03 17.47 37.92 30.96 14000
33 68 67 15.17 265.99 17.30 37.45 20.24 5000
33 76 75 10.57 296.11 27.55 32.34 15.77 4000
33 153 152 32.15 706.36 66.73 85.09 57.08 12000
33 70 69 14.72 284.15 20.46 37.37 14.89 6000
33 243 242 69.28 1192.29 106.96 141.46 65.07 39000
34 123 122 43.53 577.25 35.48 69.48 45.84 33000
34 203 202 59.68 1015.99 88.88 105.17 72.00 36000
34 83 82 21.24 359.83 25.61 45.08 24.14 8000
34 139 138 29.04 668.13 66.97 72.46 37.54 4000
34 393 392 119.64 2001.50 188.01 207.78 112.57 89000
34 138 137 32.00 641.64 58.21 68.59 49.20 7000
34 135 134 36.00 634.22 53.33 74.47 31.10 22000
34 148 147 41.65 662.92 52.94 82.53 42.50 16000
34 264 263 98.57 1316.90 96.55 137.51 90.60 63000
34 71 70 14.17 285.35 20.50 40.41 27.26 4000
34 140 139 34.39 680.04 61.13 75.76 45.49 18000
34 195 194 46.19 985.96 98.97 96.63 58.58 24000
35 85 84 24.88 368.38 21.84 55.15 34.33 15000
35 249 248 65.60 1242.22 115.88 146.09 60.68 27000
35 95 94 19.34 389.73 31.87 63.41 41.68 8000
35 328 327 87.43 1619.22 152.46 184.82 82.06 39000
35 70 69 15.54 275.97 18.59 40.52 22.56 7000
35 190 189 43.55 933.51 93.63 101.93 47.53 15000
35 388 387 113.40 2001.48 198.86 204.25 98.88 49000
35 400 399 97.29 2003.46 214.57 224.01 115.46 42000
35 162 161 44.55 777.03 69.16 85.53 38.50 29000
36 390 389 117.40 2002.61 192.53 211.88 121.17 62000
36 233 232 81.95 1162.73 89.80 123.09 71.02 55000
36 63 62 15.70 261.49 16.58 28.01 18.30 5000
36 131 130 47.35 589.93 38.26 66.07 39.31 27000
36 130 129 39.10 610.46 45.96 68.58 45.87 16000
36 94 93 23.18 391.43 31.46 45.72 23.47 9000
36 254 253 76.75 1263.23 110.59 131.94 74.77 39000
36 72 71 19.00 311.87 20.26 36.01 31.32 7000
36 158 157 47.92 768.52 65.44 83.20 48.81 21000
36 70 69 17.15 284.33 18.42 37.05 24.54 9000
36 59 58 12.73 230.83 14.15 29.75 16.32 4000
36 79 78 23.64 338.47 19.40 48.52 37.90 12000
36 287 286 85.98 1446.52 130.36 155.08 97.95 49000
37 137 136 35.18 630.77 55.72 74.29 45.39 12000
37 275 274 91.09 1401.82 118.82 149.14 81.30 48000
37 70 69 18.58 308.72 20.80 38.53 20.74 5000
37 121 120 32.89 572.93 48.31 62.07 43.12 9000
37 397 396 119.04 2001.01 199.51 211.95 111.47 58000
37 67 66 16.52 253.19 16.14 34.58 22.40 6000
37 59 58 16.01 205.19 8.40 33.37 23.56 4000
37 135 134 44.70 629.83 47.49 68.61 35.43 32000
37 89 88 27.06 362.98 21.56 47.54 24.36 13000
37 61 60 18.05 229.70 10.84 33.24 24.19 11000
37 222 221 62.88 1084.55 97.24 125.09 68.56 24000
37 386 385 110.58 2001.52 201.99 208.84 117.13 63000
38 73 72 16.44 300.95 23.79 37.43 22.25 4000
38 187 186 48.34 907.32 85.99 99.28 67.19 22000
38 75 74 26.96 300.24 11.70 45.17 28.98 17000
38 85 84 17.60 333.32 27.11 48.82 22.11 4000
38 130 129 34.04 591.35 49.93 78.07 39.72 7000
38 59 58 15.69 219.22 10.01 35.89 20.94 4000
38 134 133 35.62 651.16 55.39 74.97 41.72 11000
38 72 71 27.69 306.45 12.29 37.96 27.93 21000
38 338 337 112.69 1700.69 139.06 201.78 123.06 64000
38 150 149 60.67 704.03 42.00 86.07 46.41 33000
38 126 125 41.85 572.28 40.47 68.56 35.44 32000
38 408 407 174.56 2001.66 154.91 225.64 137.54 113000
39 135 134 33.08 571.46 47.93 79.81 46.63 11000
39 75 74 19.22 314.14 19.91 49.13 33.46 10000
39 205 204 50.86 955.66 87.58 135.32 55.56 18000
39 148 147 36.29 703.47 63.60 89.96 43.48 8000
39 62 61 17.41 247.83 11.72 40.56 25.40 10000
39 329 328 77.12 1630.80 169.37 189.20 82.98 29000
39 357 356 77.43 1811.98 195.69 207.44 90.27 26000
39 351 350 94.67 1761.89 165.00 222.42 94.89 43000
39 81 80 15.24 336.44 28.37 47.23 24.36 4000
39 155 154 43.05 759.51 65.36 83.84 43.27 16000
39 147 146 33.83 708.22 67.62 88.10 42.90 7000
40 225 224 53.23 1045.87 103.40 134.11 58.50 14000
40 150 149 58.10 720.59 43.45 90.66 56.85 34000
40 287 286 75.15 1454.23 139.10 185.13 86.40 38000
40 233 232 66.44 1181.21 104.17 142.25 65.98 30000
40 129 128 32.99 603.64 52.19 78.60 44.44 9000
40 93 92 29.18 404.42 25.82 63.40 33.22 17000
40 69 68 14.31 284.91 20.94 38.88 22.12 3000
40 148 147 48.39 702.03 51.65 89.75 37.83 22000
40 137 136 41.10 623.47 46.19 90.70 38.22 18000
40 222 221 69.14 1084.57 89.41 134.38 68.18 39000
40 58 57 16.99 204.98 6.21 39.80 28.45 10000
40 218 217 60.36 1063.55 94.77 129.70 67.76 22000
40 73 72 20.29 295.17 18.51 45.44 27.51 10000
41 211 210 53.65 1026.60 98.18 128.03 58.37 13000
41 71 70 18.87 296.98 19.40 39.03 21.61 6000
41 293 292 81.86 1429.57 126.87 180.43 102.56 39000
41 135 134 35.67 602.90 49.16 92.38 40.33 12000
41 355 354 94.19 1817.43 177.08 212.11 106.42 38000
41 69 68 14.64 281.26 20.95 36.67 21.33 4000
41 393 392 113.87 2000.29 198.80 232.82 118.92 59000
41 253 252 73.65 1237.86 106.49 162.97 79.01 35000
42 390 389 96.05 2001.25 216.41 228.13 89.66 45000
42 298 297 81.50 1504.42 138.73 187.32 82.54 33000
42 130 129 29.09 605.84 56.40 71.49 32.08 11000
42 216 215 54.18 1077.16 101.99 127.62 54.33 28000
42 68 67 18.04 278.17 16.99 39.34 21.66 6000
42 387 386 93.91 2002.62 216.98 219.94 99.95 38000
42 144 143 40.53 724.15 62.81 79.67 50.88 18000
42 77 76 21.90 315.41 17.10 51.07 32.32 10000
42 220 219 54.31 1064.02 102.53 123.72 64.16 12000
42 66 65 14.05 267.88 18.51 36.28 25.49 3000
43 265 264 67.44 1325.52 127.93 158.97 87.49 32000
43 56 55 13.70 233.48 12.60 38.19 20.97 5000
43 258 257 54.42 1300.36 136.16 153.93 72.20 14000
43 58 57 14.72 243.27 13.74 34.44 23.28 4000
43 384 383 91.37 2002.89 217.70 225.57 108.90 25000
43 388 387 118.60 2004.54 186.63 253.92 101.85 64000
43 107 106 26.05 513.46 44.84 60.22 37.85 8000
43 134 133 32.28 631.85 56.88 80.15 40.82 6000
43 147 146 49.54 729.65 49.17 96.75 57.07 25000
43 75 74 25.00 328.89 17.37 45.61 27.62 12000
43 61 60 13.98 251.66 15.59 43.41 20.17 4000
44 80 79 23.34 356.68 22.08 52.90 27.59 7000
44 354 353 120.12 1792.99 143.06 234.75 126.04 54000
44 154 153 70.97 758.32 34.34 118.43 62.28 43000
44 154 153 54.53 756.67 48.85 114.88 64.37 34000
44 191 190 53.36 935.67 82.92 118.02 56.74 16000
44 152 151 47.32 741.64 58.06 101.43 46.06 18000
44 396 395 165.61 2004.21 139.12 274.71 139.49 126000
44 39 38 13.01 119.42 -2.84 28.18 17.81 7000
44 138 137 44.83 651.29 47.58 90.93 43.81 22000
44 128 127 40.48 598.39 43.32 78.68 42.95 17000
45 387 386 103.18 2002.31 207.34 224.35 99.33 46000
45 222 221 68.52 1111.58 93.10 136.80 73.43 33000
45 387 386 91.62 2001.59 220.02 227.28 113.52 23000
45 71 70 15.58 317.07 24.74 38.46 22.38 7000
45 201 200 58.72 1003.81 85.55 123.35 64.74 28000
45 141 140 34.77 690.13 62.52 85.03 35.30 10000
45 207 206 67.48 1027.73 83.15 123.49 69.22 38000
45 363 362 109.19 1893.40 171.45 215.65 126.41 52000
46 66 65 16.47 287.72 18.50 38.55 22.00 7000
46 311 310 96.26 1615.88 143.29 180.88 92.61 48000
46 130 129 48.00 641.90 44.04 68.15 43.84 30000
46 81 80 30.75 354.77 15.75 50.35 31.13 19000
46 193 192 55.36 954.42 82.35 113.46 63.32 23000
46 136 135 52.36 588.16 30.01 91.42 58.88 38000
46 82 81 22.81 357.48 24.15 50.54 32.69 10000
46 116 115 35.67 550.24 38.34 72.29 47.47 12000
46 68 67 16.65 287.86 18.14 42.58 27.59 2000
46 195 194 68.00 957.47 67.96 124.55 74.00 43000
46 213 212 64.06 1081.83 91.37 125.23 59.00 28000
46 388 387 104.88 2000.07 210.56 218.36 107.40 40000
47 232 231 71.74 1198.72 103.91 133.17 74.03 31000
47 383 382 110.60 2004.69 195.02 221.12 108.93 40000
47 380 379 103.35 2004.77 206.22 206.94 112.47 43000
47 61 60 18.56 260.59 11.01 37.17 27.45 9000
47 57 56 14.54 244.53 13.34 30.17 19.49 4000
47 125 124 42.34 598.16 39.15 80.14 45.04 25000
47 153 152 46.58 772.01 61.61 93.26 52.67 26000
47 84 83 27.42 384.68 24.68 51.83 26.27 11000
47 142 141 41.45 703.60 58.84 75.20 33.93 14000
47 352 351 97.58 1814.84 170.93 221.82 98.50 51000
48 80 79 29.84 364.32 17.25 54.16 33.10 16000
48 346 345 88.38 1807.10 177.18 204.58 91.65 41000
48 206 205 50.00 1052.72 102.38 122.32 63.43 13000
48 130 129 33.07 607.60 52.44 75.75 44.86 10000
48 133 132 32.29 647.12 57.24 79.63 47.15 12000
48 57 56 12.98 233.58 13.17 30.17 23.23 3000
48 61 60 13.07 255.81 16.43 39.13 21.88 3000
48 162 161 38.97 798.73 75.76 93.70 46.11 16000
48 384 383 112.13 2003.46 195.85 223.10 103.92 61000
48 59 58 11.36 255.29 18.29 33.50 18.56 2000
48 29 28 9.95 78.69 -6.19 19.63 20.93 6000
48 39 38 11.86 127.61 -0.99 24.61 15.28 6000
48 276 275 77.80 1399.10 125.47 169.27 82.42 33000
49 180 179 39.43 900.48 88.62 113.66 75.50 12000
49 75 74 25.87 335.38 12.63 61.31 35.69 15000
49 279 278 73.94 1416.28 131.43 179.22 94.30 25000
49 201 200 52.53 970.44 86.49 136.21 77.24 13000
49 273 272 70.73 1413.08 136.85 164.07 79.41 33000
49 124 123 37.08 597.73 43.70 85.42 53.56 19000
49 246 245 63.90 1263.33 118.57 162.82 72.16 35000
49 209 208 70.01 1023.99 77.35 149.94 66.80 34000
49 271 270 62.44 1420.48 145.93 167.94 82.19 21000
49 133 132 49.14 639.36 37.14 91.05 55.73 27000
50 382 381 95.22 2003.69 213.46 232.20 105.56 33000
50 163 162 42.73 823.45 76.50 88.23 41.18 19000
50 127 126 37.34 626.42 51.02 64.74 37.01 20000
50 383 382 103.36 2005.19 207.87 213.83 90.59 45000
50 311 310 114.89 1588.18 114.55 197.61 111.65 58000
50 383 382 106.54 2005.07 199.36 229.11 108.10 45000
50 90 89 26.04 404.49 28.28 49.10 26.12 18000
50 139 138 33.51 691.20 64.07 72.65 36.15 10000
51 382 381 83.14 2000.98 227.37 211.72 108.66 23000
51 74 73 20.10 342.44 21.80 42.58 26.47 11000
51 71 70 26.90 307.38 12.42 45.66 32.16 17000
51 113 112 28.99 553.88 43.77 74.59 52.72 13000
51 73 72 20.76 322.18 18.55 48.53 30.67 9000
51 214 213 75.18 1084.73 79.52 127.59 84.12 43000
51 220 219 63.07 1127.26 98.79 126.15 57.48 30000
51 280 279 77.16 1436.46 133.74 169.94 80.70 37000
51 96 95 25.23 451.69 35.01 56.23 32.65 13000
51 76 75 20.30 350.78 23.36 45.28 28.22 14000
51 145 144 39.79 722.51 60.73 85.17 51.91 14000
51 85 84 30.48 388.94 17.96 59.32 36.86 15000
52 61 60 13.49 258.75 17.29 29.66 15.05 5000
52 84 83 18.79 386.07 29.52 47.90 19.75 7000
52 58 57 11.03 255.57 18.22 26.61 13.00 4000
52 80 79 15.14 370.70 33.79 38.79 21.50 7000
52 143 142 31.02 711.16 68.03 74.70 39.46 12000
52 125 124 28.79 609.59 55.37 64.37 24.78 13000
52 59 58 12.21 252.25 16.84 36.94 16.78 5000
52 140 139 27.44 682.77 67.26 81.84 48.08 10000
52 69 68 12.74 302.61 26.22 29.20 15.24 5000
52 77 76 19.12 342.32 23.28 41.92 30.45 9000
52 69 68 19.56 309.24 18.16 40.45 32.12 12000
52 224 223 55.17 1153.10 110.61 123.18 76.32 27000
52 382 381 94.75 1997.71 202.46 202.31 97.52 38000
52 148 147 30.47 730.27 72.32 85.93 41.64 10000
52 38 37 10.58 134.66 1.01 18.85 6.83 6000
52 97 96 21.16 462.70 39.30 50.18 25.14 7000
52 141 140 31.13 697.86 67.66 72.86 36.64 11000
53 285 284 58.85 1479.59 160.08 160.79 78.24 31000
53 299 298 57.69 1518.32 169.03 161.37 75.11 27000
53 382 381 69.98 2003.92 239.89 211.80 81.13 25000
53 165 164 33.62 831.01 84.05 90.41 40.82 12000
53 383 382 58.32 2002.32 253.50 208.22 83.76 12000
53 385 384 70.14 2004.73 240.68 217.18 77.54 27000
53 39 38 13.21 115.53 -3.12 32.44 25.64 12000
54 328 327 73.11 1686.05 181.54 170.52 61.80 26000
54 63 62 10.70 255.25 19.60 33.93 16.66 3000
54 310 309 68.67 1605.77 169.02 177.32 87.94 25000
54 65 64 12.71 288.28 22.71 33.36 16.82 6000
54 68 67 12.50 300.91 24.60 31.82 18.25 4000
54 68 67 12.06 299.39 24.47 33.55 19.96 4000
54 153 152 31.83 752.34 73.71 81.88 48.39 8000
54 156 155 42.65 770.33 63.07 91.72 50.09 25000
54 225 224 46.75 1143.94 120.13 117.53 54.18 19000
54 202 201 38.95 1021.17 107.09 107.96 64.51 10000
54 206 205 42.77 1032.73 106.86 117.04 52.69 15000
54 71 70 12.91 313.51 26.23 38.31 19.41 4000
55 297 296 57.30 1515.27 167.91 165.12 76.23 14000
55 79 78 13.82 355.21 30.86 47.41 25.44 4000
55 167 166 33.68 828.72 84.77 96.90 51.37 13000
55 69 68 11.83 270.78 20.79 40.15 26.52 5000
55 65 64 15.41 274.95 18.02 35.62 13.52 5000
55 134 133 26.44 647.24 66.62 68.33 29.38 6000
55 82 81 22.40 370.11 26.72 43.05 24.35 13000
55 91 90 43.53 418.49 12.35 40.59 27.12 32000
55 108 107 31.12 496.03 37.83 63.62 34.58 20000
55 253 252 47.33 1274.15 139.40 142.37 67.75 8000
55 225 224 67.38 1113.54 92.37 147.94 79.16 41000
55 36 35 9.10 119.92 -0.46 20.68 9.50 4000
55 204 203 50.37 1036.05 100.13 107.05 53.78 27000
55 184 183 35.76 922.11 96.20 97.39 48.02 10000
56 198 197 56.23 991.43 87.03 114.42 54.92 24000
56 379 378 92.26 2000.92 217.94 198.93 96.97 49000
56 32 31 7.35 102.77 -2.00 24.45 16.40 5000
56 384 383 92.25 2003.16 215.85 235.21 118.04 37000
56 138 137 24.02 683.68 72.71 81.29 29.31 5000
56 203 202 37.32 1024.66 109.81 129.85 56.70 8000
56 299 298 55.17 1552.24 177.17 171.25 66.44 13000
56 383 382 71.40 2005.37 239.89 224.70 87.74 16000
57 100 99 22.10 427.96 36.21 67.36 30.11 11000
57 139 138 33.95 655.88 58.90 94.29 44.48 13000
57 311 310 84.12 1578.57 152.30 186.12 92.05 37000
57 273 272 58.10 1375.09 143.45 170.44 82.78 20000
57 157 156 32.62 750.37 76.08 100.63 44.06 9000
57 281 280 51.23 1387.28 156.58 179.98 63.86 20000
57 58 57 10.58 210.94 12.72 39.91 18.61 4000
57 71 70 13.81 289.68 20.22 49.34 23.44 6000
57 71 70 15.05 300.22 22.26 47.08 24.33 6000
57 81 80 20.02 345.75 24.03 57.90 32.67 16000
57 389 388 60.79 2002.48 252.99 240.00 79.89 4000
58 247 246 51.71 1198.79 127.89 144.97 52.23 10000
58 95 94 15.92 425.87 39.62 68.25 41.73 6000
58 71 70 16.35 298.27 21.15 45.65 25.71 9000
58 188 187 45.70 925.53 85.79 133.08 72.13 20000
58 187 186 34.32 921.68 100.48 114.34 42.88 7000
58 388 387 55.00 2004.20 259.99 236.38 94.32 1000
58 338 337 74.98 1722.49 181.04 223.03 108.15 30000
58 62 61 13.91 221.28 10.92 48.69 24.03 7000
58 139 138 25.57 668.01 68.86 85.02 37.26 8000
59 386 385 69.16 2003.09 239.72 247.05 106.29 11000
59 111 110 20.55 500.08 45.56 72.78 42.34 4000
59 156 155 36.71 751.55 67.49 111.22 61.12 15000
59 153 152 30.96 731.31 71.08 105.72 42.41 4000
59 270 269 51.68 1386.34 152.90 171.47 87.13 14000
59 210 209 38.51 1054.98 112.81 137.25 69.37 11000
59 273 272 45.96 1374.95 155.12 181.36 76.96 10000
59 74 73 13.40 321.94 27.18 42.16 23.01 6000
59 124 123 23.80 596.11 58.24 71.37 42.41 7000
60 82 81 14.66 344.07 28.76 57.13 30.54 3000
60 136 135 26.98 656.63 64.83 87.43 45.59 10000
60 171 170 26.84 832.79 90.23 116.82 38.72 4000
60 218 217 62.80 1042.22 84.76 155.86 79.88 33000
60 70 69 11.86 294.07 22.81 51.16 21.92 4000
60 79 78 23.25 344.03 19.44 52.33 34.75 15000
60 71 70 15.02 290.10 20.10 49.98 25.66 11000
60 328 327 57.24 1685.37 191.99 211.51 80.77 14000
60 334 333 62.99 1717.93 189.61 214.06 103.09 28000
60 241 240 41.05 1210.49 135.43 156.56 54.17 7000
60 181 180 45.00 886.38 79.30 133.13 64.49 19000
60 64 63 11.22 257.93 18.28 40.89 20.36 4000
61 388 387 62.07 2002.35 244.54 267.96 85.19 19000
61 286 285 66.57 1458.02 144.45 214.04 92.37 23000
61 275 274 63.19 1395.19 142.96 180.08 77.10 30000
61 132 131 24.61 615.23 58.25 105.57 38.61 8000
61 144 143 25.25 691.66 71.29 85.79 50.36 5000
61 387 386 66.96 2004.51 242.25 244.00 103.69 19000
61 389 388 62.36 2001.48 247.09 253.86 83.65 7000
62 179 178 34.07 872.72 89.71 122.83 53.39 16000
62 76 75 14.72 312.24 23.22 52.57 31.25 9000
62 286 285 54.34 1420.43 151.96 204.91 85.32 16000
62 396 395 62.16 2000.24 246.64 265.64 100.31 4000
62 321 320 55.85 1636.40 186.47 218.59 84.31 15000
62 240 239 34.54 1220.01 142.68 162.25 53.04 4000
62 396 395 67.22 2000.88 241.84 255.87 96.89 25000
63 211 210 43.86 1049.44 106.75 153.49 77.67 19000
63 389 388 59.14 2001.27 250.31 241.19 82.23 5000
63 83 82 14.42 366.44 33.06 49.76 23.40 5000
63 221 220 41.40 1098.75 118.04 142.29 88.15 12000
63 199 198 44.95 995.74 93.83 148.08 84.35 19000
63 142 141 22.74 688.86 72.88 103.48 46.38 4000
63 71 70 11.68 302.55 25.75 40.87 27.56 4000
63 388 387 64.87 2003.82 246.41 242.38 79.77 14000
63 221 220 42.66 1097.99 116.13 142.59 87.93 12000
64 138 137 19.44 631.08 68.86 86.68 46.26 5000
64 129 128 18.99 598.58 64.95 91.36 45.17 5000
64 399 398 65.95 2002.53 245.77 262.56 68.66 3000
64 392 391 65.41 2000.20 243.87 263.66 112.70 11000
64 390 389 63.44 2004.09 245.26 257.86 81.49 7000
64 367 366 70.49 1851.19 208.09 236.53 100.85 14000
65 384 383 56.63 2002.79 255.16 243.60 92.18 4000
65 46 45 11.38 163.41 3.31 44.84 33.50 8000
65 389 388 65.25 2003.26 247.61 238.66 83.83 16000
65 119 118 22.25 554.30 52.11 92.56 49.31 8000
65 264 263 50.49 1312.63 141.85 185.98 87.80 16000
65 210 209 34.88 1022.69 111.74 152.41 85.52 10000
65 392 391 70.71 2001.44 238.70 261.96 106.32 16000
66 398 397 49.20 2004.41 261.86 256.68 75.15 3000
66 184 183 31.61 890.52 92.25 138.48 65.39 7000
66 398 397 75.84 2002.07 231.12 267.58 110.14 19000
66 89 88 14.42 359.06 31.96 55.61 32.87 8000
66 394 393 60.15 2002.12 248.80 250.13 103.44 20000
66 390 389 73.94 2001.20 229.31 286.00 126.62 23000
67 357 356 55.72 1780.28 209.09 241.34 97.84 11000
67 394 393 54.55 2001.52 255.28 257.29 67.85 4000
67 377 376 59.25 1866.96 218.21 259.09 97.79 13000
67 81 80 14.05 351.40 29.67 66.46 39.40 4000
67 364 363 58.49 1859.58 215.02 254.67 125.75 17000
67 398 397 62.19 2004.80 247.39 280.60 134.12 11000
68 385 384 54.87 2003.91 254.34 240.20 95.58 5000
68 219 218 44.46 1098.46 112.87 147.99 58.06 12000
68 390 389 51.98 2005.24 259.14 247.48 76.73 2000
68 150 149 30.29 707.41 66.67 104.02 54.52 12000
68 216 215 37.98 1067.88 112.80 165.70 73.92 4000
68 81 80 21.65 342.91 17.18 64.75 55.69 12000
68 293 292 50.23 1448.62 158.45 227.34 128.81 9000
68 199 198 40.61 996.83 98.98 155.10 90.65 16000
69 389 388 65.55 2005.20 242.61 271.20 78.46 6000
69 408 407 67.71 2002.87 238.48 312.60 93.53 15000
69 389 388 53.60 2003.40 258.26 250.70 65.19 8000
69 82 81 12.07 353.51 31.32 64.02 30.14 3000
69 155 154 29.88 751.05 73.21 116.48 55.60 12000
69 398 397 83.25 1995.99 208.44 323.49 163.99 30000
69 206 205 43.47 1011.08 93.93 181.30 119.15 18000
70 253 252 42.30 1297.33 144.56 192.61 64.51 11000
70 285 284 52.93 1432.95 153.41 223.96 92.05 15000
70 387 386 55.89 2003.44 252.14 284.11 73.31 5000
70 394 393 77.58 2002.44 226.40 310.27 87.54 15000
70 397 396 56.80 2004.60 243.40 334.42 95.29 0
71 389 388 62.10 2000.55 245.54 302.22 75.68 6000
71 279 278 54.50 1408.12 147.74 240.46 93.79 11000
71 67 66 10.14 266.95 20.78 50.70 23.32 5000
71 391 390 73.93 2004.08 227.90 338.03 87.58 23000
71 387 386 76.51 2000.27 226.31 313.04 98.95 19000
71 37 36 8.36 123.20 -0.08 31.06 21.92 5000
71 267 266 54.67 1325.10 137.34 217.64 68.51 6000
72 172 171 41.60 826.69 73.17 151.79 63.04 13000
72 304 303 66.37 1527.08 147.99 297.14 139.11 24000
72 74 73 11.85 305.95 23.13 66.70 38.37 6000
72 131 130 28.59 592.09 48.02 138.29 67.26 8000
72 278 277 64.40 1368.87 124.60 289.84 122.51 26000
72 307 306 79.25 1495.71 131.34 303.56 157.17 32000
72 370 369 90.94 1891.95 175.42 368.89 152.89 38000
72 68 67 10.45 268.19 19.15 60.07 26.45 4000
72 145 144 29.89 700.46 61.23 150.36 69.53 7000
73 291 290 47.13 1467.18 159.75 284.07 98.97 11000
73 76 75 12.57 328.64 26.47 73.12 38.16 5000
73 252 251 43.25 1211.10 126.09 236.54 79.61 11000
73 72 71 13.49 282.16 17.92 73.91 34.14 8000
73 392 391 91.68 2004.00 202.72 383.50 129.66 42000
73 81 80 18.28 358.19 22.09 92.29 47.05 9000
73 71 70 12.83 304.37 22.47 61.73 24.58 4000
73 264 263 58.16 1290.64 112.31 300.94 115.14 29000
73 390 389 88.38 2000.10 202.72 392.98 144.88 29000
73 75 74 20.46 327.71 15.87 82.18 43.55 8000
74 230 229 47.66 1147.44 106.56 249.95 75.20 23000
74 387 386 124.42 2001.00 153.99 446.98 158.62 96000
74 216 215 68.28 1006.44 56.15 293.38 144.47 49000
74 145 144 29.79 684.95 58.72 161.00 58.76 7000
74 221 220 63.94 1108.96 79.78 262.72 118.73 34000
74 85 84 12.93 363.01 30.68 84.61 44.08 7000
74 142 141 22.08 659.56 62.01 160.28 56.36 3000
74 387 386 107.47 2000.64 172.47 441.23 174.48 72000
74 149 148 44.21 720.43 44.59 177.47 85.01 27000
75 333 332 63.52 1675.65 167.26 379.60 132.80 10000
75 391 390 94.85 2000.73 193.13 424.60 147.33 48000
75 102 101 19.18 483.74 40.13 109.51 69.68 7000
75 391 390 84.10 2004.20 204.62 411.90 173.99 31000
75 393 392 96.92 2002.21 191.96 424.58 152.19 55000
75 214 213 55.89 1059.76 86.75 232.03 138.10 21000
76 81 80 16.46 340.81 25.30 76.52 45.76 7000
76 399 398 88.79 2001.79 209.58 392.17 121.69 40000
76 146 145 31.99 710.44 62.57 137.46 66.11 13000
76 398 397 91.45 2002.12 208.30 378.87 110.04 46000
76 379 378 83.24 1936.51 196.74 338.33 126.42 42000
76 349 348 61.89 1779.11 189.12 342.10 122.96 18000
76 141 140 34.18 652.50 49.73 150.90 58.32 9000
77 124 123 22.27 561.90 53.18 108.23 39.67 14000
77 398 397 103.39 2005.25 195.36 376.00 130.85 67000
77 394 393 86.13 2003.67 219.34 342.12 90.87 30000
77 384 383 83.67 2000.66 217.77 334.36 117.16 26000
77 135 134 34.84 653.34 52.05 128.25 68.74 23000
77 387 386 70.54 2000.25 232.48 315.71 108.85 25000
77 93 92 18.31 403.17 29.63 106.40 53.53 3000
78 297 296 61.34 1475.64 146.26 275.38 117.59 23000
78 208 207 37.98 1022.95 108.83 165.97 83.60 4000
78 389 388 67.09 2000.83 237.57 311.09 80.61 9000
78 390 389 82.43 2005.18 214.88 349.28 125.92 28000
78 153 152 30.10 743.01 70.66 136.12 51.44 7000
78 397 396 78.36 2000.71 220.16 352.73 113.25 18000
78 146 145 34.90 689.50 57.63 145.99 58.58 9000
79 390 389 93.41 2002.70 209.23 319.69 125.53 35000
79 386 385 62.60 2003.44 242.21 301.47 83.16 7000
79 376 375 83.11 1929.84 197.70 315.13 131.22 30000
79 50 49 11.59 190.27 6.16 48.68 29.49 3000
79 196 195 46.43 981.71 87.97 177.87 86.65 9000
79 125 124 23.10 594.57 56.15 107.44 59.68 3000
79 67 66 13.00 276.61 18.19 57.91 24.69 3000
79 69 68 15.34 303.11 19.30 62.99 32.42 7000
80 95 94 16.53 423.61 37.50 88.24 55.27 4000
80 389 388 67.66 2004.43 237.87 301.02 90.84 17000
80 196 195 35.02 983.33 102.20 159.41 89.75 12000
80 392 391 73.36 2003.59 230.30 301.26 99.13 24000
80 389 388 75.97 2000.96 227.27 309.90 111.45 28000
80 77 76 21.09 344.36 19.07 72.51 40.57 10000
80 198 197 37.08 987.61 102.60 157.32 59.53 15000
80 214 213 33.67 1075.61 120.13 168.28 60.50 4000
81 389 388 65.77 2005.05 239.34 313.52 99.75 15000
81 387 386 73.14 2002.00 233.33 285.18 106.76 18000
81 343 342 69.36 1753.56 188.33 263.02 83.34 31000
81 84 83 15.58 366.95 30.65 68.19 35.91 6000
81 192 191 27.63 940.04 103.92 156.82 63.22 3000
81 334 333 64.41 1724.02 184.75 266.47 116.54 18000
82 308 307 74.64 1530.86 143.47 276.74 138.28 34000
82 393 392 96.28 2000.53 202.20 351.67 131.74 31000
82 190 189 42.72 938.30 89.02 155.28 63.82 14000
82 386 385 89.89 1973.87 189.19 371.97 183.07 39000
82 315 314 57.42 1517.61 162.04 279.21 123.05 9000
82 400 399 88.04 2001.69 214.29 367.74 128.66 29000
