0 64 63 36.43 179.06 -14.01 29.31 58.07 32000
0 59 58 11.59 204.21 10.73 26.99 20.00 7000
0 68 67 13.74 222.48 13.52 23.89 21.55 7000
0 56 55 9.83 159.74 6.85 29.38 16.35 3000
0 70 69 17.43 248.45 12.78 31.62 20.61 9000
0 71 70 16.03 255.69 15.55 30.92 13.58 9000
0 71 70 19.75 260.78 12.71 34.02 21.46 11000
0 63 62 13.47 228.54 14.37 31.61 16.46 4000
0 74 73 22.05 253.36 10.99 34.44 28.14 11000
0 63 62 13.62 197.68 8.73 33.02 19.51 5000
0 80 79 29.18 309.11 9.33 42.90 49.25 28000
0 93 92 20.73 340.12 25.36 38.98 26.48 11000
0 67 66 23.76 232.54 8.17 29.60 20.36 12000
0 63 62 13.83 181.24 5.88 28.49 29.45 12000
0 63 62 14.01 167.85 6.12 35.13 28.71 7000
0 75 74 19.69 270.18 15.50 35.14 24.07 6000
0 69 68 18.13 206.13 7.42 33.53 20.42 14000
0 163 162 64.13 673.96 35.77 84.15 65.43 43000
0 59 58 14.35 193.91 7.50 24.83 23.25 5000
0 76 75 21.65 295.85 15.26 35.25 26.76 14000
0 67 66 11.69 238.32 16.96 30.37 15.56 5000
0 62 61 13.41 198.85 9.10 29.94 18.52 10000
0 80 79 18.31 259.23 14.92 46.35 23.35 10000
0 75 74 21.62 240.53 10.40 32.41 16.37 11000
0 122 121 25.42 528.75 49.46 62.96 43.55 10000
0 64 63 20.21 198.50 2.86 31.34 28.56 13000
0 62 61 13.17 168.17 4.84 31.00 23.31 6000
1 62 61 15.50 190.52 5.47 30.06 21.17 7000
1 66 65 14.70 217.93 11.40 26.52 17.86 12000
1 59 58 11.73 150.48 4.86 24.75 13.00 10000
1 76 75 21.24 269.28 12.79 38.94 30.34 7000
1 62 61 18.96 212.56 5.78 28.83 20.56 13000
1 62 61 13.28 179.84 7.44 31.72 15.91 7000
1 64 63 11.57 188.18 10.34 32.74 17.86 3000
1 67 66 19.76 242.13 9.22 31.26 21.56 11000
1 66 65 12.71 197.03 10.87 33.56 18.68 4000
1 75 74 12.59 231.16 16.58 35.77 15.40 4000
1 65 64 18.04 222.47 8.87 33.27 22.46 11000
1 71 70 8.17 215.43 17.56 29.27 13.89 3000
1 66 65 16.99 216.02 9.39 28.17 21.22 9000
1 62 61 14.55 182.44 6.35 36.82 19.51 8000
1 72 71 23.73 246.50 7.94 34.32 35.60 21000
1 64 63 16.97 205.03 7.32 35.35 19.98 11000
1 125 124 40.30 528.43 32.89 58.27 35.42 21000
1 58 57 14.63 175.59 5.75 26.44 17.35 7000
1 72 71 17.90 273.42 16.04 30.38 29.33 9000
1 70 69 14.84 226.21 13.13 31.65 15.00 6000
1 66 65 19.28 208.31 5.57 36.15 28.61 15000
1 60 59 11.21 162.77 5.84 26.56 27.14 4000
1 74 73 16.57 257.54 16.33 36.53 18.15 9000
1 73 72 16.05 248.85 14.59 32.93 21.07 8000
1 126 125 33.17 541.59 43.36 58.18 44.14 22000
1 79 78 24.81 287.44 8.27 37.43 24.22 14000
1 86 85 37.65 318.46 4.47 39.48 24.08 24000
1 66 65 18.33 206.70 7.98 34.49 26.10 10000
2 149 148 44.95 654.00 45.55 77.97 59.43 35000
2 80 79 25.96 315.82 14.76 42.44 25.67 18000
2 68 67 19.13 211.41 6.46 32.95 25.94 14000
2 75 74 16.12 270.20 17.57 36.29 27.37 7000
2 62 61 14.75 191.19 7.83 29.58 19.06 4000
2 130 129 52.17 564.62 25.64 65.53 45.59 39000
2 65 64 20.35 203.12 4.56 37.00 29.37 18000
2 56 55 16.96 184.68 3.24 30.31 26.65 13000
2 73 72 23.91 261.22 9.32 41.44 29.72 15000
2 88 87 30.69 312.66 9.70 49.95 34.29 22000
2 60 59 13.31 208.96 10.10 26.45 22.99 7000
2 71 70 24.84 231.63 1.67 37.68 21.56 20000
2 59 58 19.92 185.35 -0.11 35.70 32.61 14000
2 76 75 24.21 274.37 7.68 34.85 27.65 15000
2 58 57 17.56 178.18 4.03 29.26 18.38 13000
2 69 68 21.38 200.11 3.48 39.15 23.74 14000
2 66 65 15.61 226.27 11.71 33.91 19.55 5000
2 63 62 11.64 186.74 9.14 33.98 16.88 4000
2 63 62 20.50 202.75 3.04 35.42 25.49 11000
2 69 68 18.38 238.49 10.45 38.49 23.26 10000
2 125 124 38.66 505.18 33.52 63.76 39.60 19000
2 87 86 20.87 335.36 23.72 42.52 20.80 6000
2 36 35 8.15 94.58 -1.85 16.42 11.00 2000
2 75 74 24.27 258.84 9.90 30.99 27.30 15000
2 68 67 21.37 235.08 7.61 40.99 22.96 18000
2 63 62 15.68 210.24 8.71 35.64 19.20 10000
2 70 69 23.36 212.37 3.60 42.77 31.63 16000
3 150 149 61.57 652.82 31.05 78.37 51.71 48000
3 64 63 20.04 200.83 3.19 36.74 29.40 13000
3 71 70 16.76 268.59 16.36 30.62 24.31 9000
3 57 56 11.88 182.26 7.57 26.74 15.42 6000
3 61 60 18.52 192.18 2.89 39.24 23.53 13000
3 85 84 35.39 340.02 9.16 44.39 28.85 23000
3 70 69 18.17 241.47 11.89 29.11 27.10 7000
3 67 66 13.32 235.57 14.04 32.99 22.32 4000
3 65 64 15.85 217.24 9.63 30.37 23.40 10000
3 84 83 29.43 329.70 13.03 47.57 30.57 17000
3 38 37 7.12 83.80 -2.31 17.64 9.12 5000
3 65 64 16.04 236.36 10.73 32.18 25.60 6000
3 67 66 14.25 213.85 10.62 32.28 24.03 8000
3 74 73 15.52 265.17 16.65 37.03 14.46 8000
3 109 108 32.80 459.13 30.45 54.93 32.59 21000
3 71 70 25.51 248.49 4.83 37.03 34.28 19000
3 64 63 14.63 181.15 6.51 35.12 26.23 7000
3 137 136 32.46 596.36 52.07 65.75 34.61 14000
3 69 68 15.57 205.46 9.75 36.04 27.44 3000
3 137 136 57.66 593.33 27.95 71.61 53.33 51000
3 121 120 36.51 508.08 31.50 65.53 43.78 27000
3 75 74 23.60 238.99 6.85 43.70 23.23 17000
3 62 61 14.11 190.65 7.97 35.90 23.65 6000
3 69 68 21.02 260.83 12.34 36.76 28.95 8000
3 43 42 12.13 114.53 -3.41 29.06 7.89 8000
3 59 58 15.77 207.01 6.81 29.09 28.75 12000
4 60 59 14.83 183.35 4.83 33.09 21.43 9000
4 64 63 17.23 205.30 7.05 28.31 19.16 11000
4 134 133 47.63 519.87 23.43 76.45 54.01 37000
4 121 120 41.25 520.69 28.66 60.84 49.63 30000
4 87 86 28.24 326.13 14.15 47.06 24.83 22000
4 78 77 18.05 292.48 18.53 40.23 23.67 5000
4 56 55 12.06 159.66 5.17 28.10 16.31 4000
4 76 75 17.03 232.19 12.59 42.30 19.81 8000
4 58 57 10.12 180.15 8.91 25.42 20.90 3000
4 90 89 23.13 366.82 25.16 43.13 31.93 17000
4 62 61 14.90 211.72 9.04 31.12 20.69 9000
4 183 182 66.01 816.18 49.34 95.45 80.47 56000
4 65 64 15.74 229.06 10.42 27.49 16.71 9000
4 60 59 14.15 173.59 4.37 36.59 33.40 6000
4 75 74 24.94 270.38 8.56 44.99 37.72 17000
4 66 65 18.73 234.83 9.20 34.56 31.94 15000
4 78 77 23.28 304.34 12.96 45.12 29.62 19000
4 51 50 13.80 157.44 2.54 22.56 21.82 10000
4 65 64 16.55 218.34 8.96 29.05 20.13 10000
4 83 82 24.73 298.13 13.83 45.28 17.79 19000
4 71 70 20.09 258.35 11.72 31.96 23.09 16000
4 67 66 18.36 238.56 11.20 33.65 22.60 11000
4 61 60 15.49 178.09 4.20 34.45 18.33 11000
4 70 69 14.48 223.10 12.25 35.10 23.79 8000
4 77 76 18.84 261.50 14.86 38.07 21.20 13000
4 71 70 17.68 271.22 15.78 37.93 27.30 10000
5 78 77 18.93 279.83 14.71 40.00 15.58 11000
5 67 66 14.27 229.54 12.78 31.34 26.99 4000
5 82 81 26.19 293.75 13.54 39.90 20.69 14000
5 61 60 13.40 186.96 6.96 28.98 19.42 8000
5 79 78 20.83 280.48 15.68 39.99 34.13 7000
5 107 106 31.89 400.88 21.48 57.18 28.20 19000
5 72 71 17.12 251.20 13.72 33.41 23.88 8000
5 146 145 32.10 665.70 61.85 68.75 38.02 11000
5 209 208 64.50 999.26 79.83 105.04 67.35 48000
5 57 56 10.49 161.23 6.49 26.91 18.47 8000
5 69 68 13.09 260.83 18.33 30.97 26.82 3000
5 78 77 19.59 281.34 16.14 38.04 32.96 12000
5 67 66 15.07 230.14 11.93 34.75 14.38 4000
5 71 70 20.66 243.35 9.64 38.11 21.27 14000
5 58 57 12.33 173.97 6.11 30.61 18.36 5000
5 198 197 58.58 866.25 67.84 107.52 63.12 45000
5 79 78 36.29 313.17 6.56 38.87 16.01 26000
5 71 70 18.75 231.62 9.25 35.64 19.11 14000
5 51 50 14.36 153.75 1.89 25.55 15.27 9000
5 72 71 19.72 263.65 13.40 40.19 19.80 10000
5 65 64 15.74 234.40 13.07 31.21 15.28 10000
5 48 47 12.09 129.81 -0.73 27.67 13.21 9000
5 130 129 59.67 541.07 17.67 63.22 48.20 36000
6 64 63 13.51 230.66 12.81 34.69 22.69 5000
6 133 132 44.01 544.29 30.35 73.75 56.61 30000
6 68 67 11.64 191.27 10.67 32.82 15.36 4000
6 146 145 39.51 649.24 51.72 66.14 40.20 20000
6 237 236 98.70 1124.54 62.83 120.82 48.38 70000
6 139 138 58.92 580.54 25.89 69.02 54.18 31000
6 66 65 13.85 218.59 13.02 29.61 16.31 5000
6 71 70 16.50 227.63 12.20 31.97 19.92 4000
6 118 117 29.74 490.78 38.62 59.80 33.31 20000
6 88 87 27.31 330.09 13.05 48.35 21.48 18000
6 82 81 19.27 260.06 14.44 43.19 32.04 11000
6 67 66 12.93 221.86 12.79 37.40 12.45 8000
6 82 81 16.79 321.07 24.43 40.00 31.91 6000
6 118 117 36.12 494.03 30.94 63.87 41.29 21000
6 62 61 12.49 200.42 9.76 33.14 18.71 6000
6 74 73 18.72 250.52 13.47 37.03 10.66 9000
6 133 132 31.36 565.84 48.07 66.19 35.11 16000
6 133 132 35.18 585.31 45.33 68.76 49.55 18000
6 56 55 10.09 169.69 7.45 26.73 20.53 3000
6 75 74 15.22 276.92 18.47 37.92 29.92 6000
7 59 58 10.35 168.39 7.45 29.06 16.29 5000
7 68 67 11.19 226.94 14.89 35.93 18.96 3000
7 137 136 35.29 555.20 41.99 67.27 50.86 21000
7 67 66 12.77 240.26 14.39 34.42 26.93 3000
7 133 132 41.94 565.77 38.65 64.19 36.90 27000
7 149 148 52.10 597.02 37.80 76.22 40.31 32000
7 71 70 10.53 236.98 17.00 35.75 17.75 3000
7 65 64 12.87 207.33 10.34 34.23 19.62 8000
7 91 90 27.64 341.79 18.20 46.92 20.16 21000
7 80 79 20.17 315.32 18.67 36.95 20.79 14000
7 140 139 30.58 581.88 53.49 67.03 47.31 16000
7 61 60 11.57 197.08 9.31 30.64 22.36 5000
7 255 254 71.89 1148.50 97.60 129.64 76.47 38000
7 199 198 49.28 938.09 84.42 102.26 64.62 24000
7 118 117 31.55 480.17 33.24 58.66 25.61 18000
7 67 66 13.33 227.03 12.21 38.30 19.30 8000
7 67 66 12.76 216.18 12.20 39.02 29.30 4000
7 193 192 66.68 904.18 57.90 103.69 66.45 44000
8 122 121 28.38 495.26 39.83 66.08 36.23 15000
8 140 139 40.47 592.41 41.82 71.08 42.37 31000
8 134 133 35.68 595.39 48.39 63.96 37.23 18000
8 73 72 16.51 270.86 17.62 38.87 14.85 7000
8 142 141 45.53 612.57 40.53 76.53 46.33 29000
8 63 62 12.94 228.08 14.21 27.43 24.59 3000
8 281 280 108.52 1364.27 97.63 148.10 76.06 55000
8 277 276 79.49 1292.25 113.18 141.14 75.82 36000
8 143 142 39.00 591.32 42.69 79.15 37.62 25000
8 142 141 47.38 604.53 39.60 69.33 40.62 34000
8 73 72 21.46 212.52 5.45 40.28 23.87 13000
8 264 263 63.45 1206.34 117.29 139.18 75.63 25000
8 139 138 37.77 630.71 50.91 69.76 38.13 15000
9 136 135 44.36 614.78 41.98 68.65 37.71 29000
9 135 134 33.64 568.80 44.27 66.17 45.67 21000
9 138 137 54.05 584.94 26.80 73.49 48.29 41000
9 124 123 34.11 541.52 39.43 72.20 49.28 21000
9 263 262 68.22 1267.41 116.83 135.29 90.76 35000
9 134 133 22.54 594.82 61.41 57.59 32.20 6000
9 66 65 15.95 247.10 13.57 30.04 21.83 9000
9 77 76 13.42 271.32 19.35 38.94 20.86 4000
9 67 66 14.45 231.46 12.23 37.91 21.33 5000
9 67 66 13.91 217.70 11.02 37.13 21.18 5000
9 222 221 97.02 1002.23 45.76 122.78 63.47 70000
9 195 194 36.66 876.70 89.94 99.57 60.10 13000
9 68 67 12.35 227.51 13.79 34.42 23.39 6000
9 75 74 12.51 272.93 20.46 42.38 20.29 6000
9 135 134 33.73 595.15 50.33 69.10 38.56 19000
9 116 115 18.07 485.71 48.13 55.20 30.29 4000
10 29 28 5.82 42.07 -7.51 14.58 5.54 4000
10 68 67 15.71 249.62 13.32 35.89 22.85 6000
10 67 66 10.17 237.25 17.98 25.15 19.44 4000
10 222 221 64.15 987.00 81.51 131.90 52.10 41000
10 80 79 30.95 289.14 7.09 46.12 13.85 17000
10 402 401 114.28 1949.87 178.45 222.73 98.27 57000
10 72 71 11.95 243.30 17.38 35.06 20.17 5000
10 212 211 63.00 965.73 82.77 108.65 53.93 36000
10 133 132 25.13 553.30 53.52 67.67 33.29 6000
10 125 124 26.06 543.78 49.54 64.69 36.38 13000
10 115 114 30.15 458.65 33.31 59.94 35.85 18000
10 65 64 12.17 198.68 10.32 37.52 17.91 6000
10 66 65 14.93 224.80 12.32 29.03 12.92 8000
10 137 136 33.29 574.46 49.16 73.61 34.89 16000
10 70 69 16.70 193.54 6.91 39.01 17.41 12000
10 143 142 34.15 611.30 52.17 79.68 28.48 23000
11 77 76 12.98 288.21 24.19 34.86 23.34 5000
11 58 57 8.63 199.34 13.55 26.30 18.28 3000
11 72 71 10.35 245.17 19.92 35.80 28.06 3000
11 118 117 23.93 513.05 47.19 55.76 36.63 15000
11 153 152 38.44 716.09 60.95 81.77 43.10 23000
11 190 189 56.38 879.95 71.97 98.00 46.35 39000
11 57 56 8.51 169.07 9.37 25.79 18.08 3000
11 58 57 10.57 185.11 10.04 26.13 16.17 3000
11 255 254 55.31 1186.83 123.12 139.14 64.76 26000
11 274 273 70.41 1323.87 124.87 142.02 55.22 36000
11 72 71 18.08 272.48 16.39 40.03 22.43 8000
11 195 194 36.23 921.38 98.43 94.98 54.55 9000
11 59 58 11.72 207.21 11.59 31.24 27.21 3000
11 190 189 78.90 863.20 48.01 100.14 51.59 50000
11 201 200 46.77 969.28 95.80 98.79 61.45 19000
12 200 199 49.96 948.17 88.99 107.65 71.10 24000
12 144 143 40.47 634.90 45.95 81.60 60.72 23000
12 94 93 16.48 397.78 37.05 45.68 13.96 6000
12 64 63 10.24 246.88 19.18 24.73 22.29 5000
12 69 68 13.01 270.84 18.82 34.24 18.67 4000
12 156 155 49.49 682.72 47.75 91.18 49.60 30000
12 149 148 30.39 660.63 62.29 80.26 37.32 12000
12 122 121 17.50 460.28 45.76 71.46 37.02 5000
12 125 124 23.95 535.62 50.08 63.71 29.65 12000
12 129 128 26.90 551.59 50.85 66.86 38.13 12000
12 94 93 19.37 323.75 21.75 53.85 30.51 10000
12 87 86 31.73 314.54 9.78 55.32 31.38 23000
12 62 61 11.63 195.16 9.87 37.51 30.02 6000
12 74 73 21.96 278.82 13.42 39.06 25.86 16000
12 200 199 54.94 927.21 77.71 109.47 49.84 30000
12 60 59 8.49 223.54 17.18 25.90 16.71 3000
12 214 213 56.47 1032.00 93.54 116.33 49.53 35000
13 73 72 13.85 278.44 20.42 45.94 24.39 6000
13 406 405 69.07 2004.30 242.02 227.33 86.95 17000
13 157 156 40.60 682.47 56.21 87.98 44.77 18000
13 362 361 79.47 1709.78 175.56 209.39 95.34 25000
13 151 150 36.37 683.75 60.26 90.71 37.99 20000
13 156 155 34.28 694.43 63.06 94.48 47.99 19000
13 263 262 41.16 1260.87 144.90 161.87 64.88 4000
13 408 407 94.60 2002.24 217.91 242.43 99.50 39000
14 89 88 30.66 355.72 11.69 60.51 22.30 24000
14 66 65 14.78 226.55 11.72 44.04 24.06 11000
14 140 139 26.77 633.25 59.58 80.95 46.16 8000
14 61 60 11.62 217.62 12.16 31.95 18.56 4000
14 143 142 30.42 663.59 60.90 89.38 41.76 9000
14 61 60 13.45 205.15 9.32 35.35 16.79 7000
14 217 216 53.86 1061.08 96.91 130.56 61.11 28000
14 72 71 9.54 244.03 19.13 41.26 20.06 3000
14 68 67 8.86 238.30 19.20 33.06 16.10 3000
14 145 144 40.98 647.02 47.56 95.84 48.77 21000
14 60 59 8.78 209.87 14.17 33.23 18.99 4000
14 81 80 22.11 328.29 18.29 43.54 27.24 14000
14 151 150 27.43 706.99 70.83 88.84 40.21 8000
14 116 115 26.61 493.68 39.44 69.50 43.02 13000
14 81 80 11.60 296.30 23.40 51.43 27.56 4000
14 143 142 25.05 623.28 59.96 90.74 35.34 9000
14 75 74 16.13 281.30 17.15 49.49 33.44 6000
14 162 161 27.93 752.00 76.96 96.62 40.44 5000
14 59 58 10.01 206.57 12.15 29.83 17.46 6000
14 58 57 9.79 211.38 13.40 33.01 14.84 4000
15 70 69 12.06 266.30 19.59 37.51 19.80 4000
15 148 147 40.73 645.91 49.06 91.83 46.91 27000
15 371 370 92.18 1820.92 176.66 234.46 107.01 49000
15 99 98 30.87 420.61 24.15 56.20 31.18 23000
15 88 87 13.71 369.14 32.71 51.58 16.84 4000
15 192 191 38.92 902.13 92.78 104.50 52.38 11000
15 151 150 30.86 703.80 67.43 85.74 40.69 15000
15 214 213 49.41 1038.32 100.98 128.10 70.20 25000
15 67 66 13.85 241.11 15.05 39.65 18.35 10000
15 67 66 12.91 222.08 12.43 41.38 26.50 4000
15 220 219 61.35 1061.93 90.94 126.95 60.81 32000
16 99 98 32.30 418.13 24.56 56.15 27.17 19000
16 68 67 14.62 240.62 14.69 44.76 21.24 8000
16 393 392 102.21 1933.38 188.56 211.77 117.05 54000
16 237 236 58.36 1131.82 109.25 135.07 59.96 24000
16 40 39 7.41 104.07 0.26 20.99 12.43 3000
16 134 133 44.90 587.59 36.25 73.03 40.61 28000
16 216 215 46.60 1008.01 100.70 127.06 51.25 18000
16 221 220 66.62 1024.26 82.25 135.41 61.77 40000
16 90 89 25.46 362.93 22.75 45.19 34.05 18000
16 397 396 106.83 2004.30 202.91 227.23 114.17 51000
16 32 31 10.98 88.38 -5.11 16.61 4.23 8000
16 59 58 9.19 207.05 13.88 29.90 19.91 4000
16 60 59 9.72 215.24 14.41 34.29 19.09 3000
17 133 132 26.47 545.92 49.41 78.97 25.16 17000
17 297 296 55.51 1379.36 153.49 182.74 72.67 13000
17 359 358 82.03 1758.08 177.14 215.00 88.26 40000
17 242 241 43.02 1156.68 125.06 155.22 60.29 13000
17 381 380 106.63 1850.57 166.84 234.01 106.09 58000
17 68 67 11.96 257.91 18.77 46.53 25.65 4000
17 47 46 9.76 129.16 1.69 31.02 23.30 5000
17 117 116 27.28 500.27 41.54 70.48 39.72 15000
17 65 64 11.05 233.26 15.40 36.34 24.01 4000
17 69 68 11.90 235.63 17.07 38.39 20.10 5000
17 88 87 20.84 327.05 22.79 59.05 27.23 17000
17 122 121 20.01 549.19 55.79 70.51 27.80 4000
18 117 116 18.89 489.36 48.49 63.16 27.92 8000
18 212 211 42.90 975.11 98.99 129.12 42.74 16000
18 167 166 32.44 741.56 72.02 104.67 43.02 12000
18 416 415 103.85 2002.69 204.93 253.75 120.35 51000
18 86 85 12.64 369.56 34.58 52.12 9.45 4000
18 222 221 39.29 995.76 104.22 148.82 77.39 8000
18 364 363 99.67 1773.10 161.29 231.28 94.15 42000
18 73 72 13.32 290.05 23.72 39.44 16.30 8000
18 297 296 52.80 1413.08 156.44 186.03 64.91 16000
19 92 91 17.07 385.54 33.61 57.98 15.73 5000
19 408 407 101.30 2005.23 210.69 244.75 101.78 52000
19 33 32 7.98 89.16 -2.68 16.91 8.21 5000
19 289 288 67.90 1397.93 136.66 182.27 83.85 24000
19 154 153 46.45 711.28 54.44 106.24 50.65 23000
19 409 408 94.05 2004.10 218.57 238.40 94.82 35000
19 84 83 15.94 350.02 29.64 48.43 27.02 4000
19 143 142 27.63 648.06 61.84 90.61 36.99 4000
19 88 87 22.75 373.79 26.63 53.57 40.70 12000
19 69 68 11.59 259.66 19.28 42.44 25.43 4000
19 81 80 17.98 333.14 24.38 52.76 32.58 5000
19 60 59 11.23 216.79 13.06 36.45 17.71 6000
20 125 124 21.76 582.66 57.75 76.88 38.89 4000
20 73 72 10.67 265.02 21.73 38.61 26.43 4000
20 400 399 81.59 2004.13 225.95 251.75 90.38 32000
20 408 407 70.72 2003.93 237.87 261.08 117.55 11000
20 135 134 25.70 553.49 52.20 88.56 35.61 6000
20 408 407 85.04 2000.42 223.68 268.37 113.60 25000
20 412 411 109.22 2002.94 197.25 273.28 135.00 57000
20 80 79 19.82 318.40 19.71 57.48 32.36 13000
21 230 229 48.00 1138.91 115.71 146.49 86.82 19000
21 66 65 10.75 257.10 19.20 37.56 22.86 3000
21 258 257 84.27 1302.47 100.09 163.06 69.10 47000
21 112 111 21.33 501.01 45.34 64.51 31.22 7000
21 83 82 19.32 336.27 24.16 60.66 32.92 6000
21 339 338 91.94 1704.11 156.43 225.04 106.60 28000
21 238 237 61.75 1160.26 104.91 160.94 95.74 31000
21 285 284 67.13 1425.72 144.02 177.23 70.14 28000
21 125 124 27.68 572.10 50.67 71.60 47.19 9000
21 64 63 11.39 247.65 17.43 33.77 20.32 3000
21 194 193 47.48 963.09 87.15 125.80 77.85 26000
22 136 135 29.51 621.01 55.69 80.92 41.27 11000
22 223 222 49.20 1089.93 108.74 134.30 50.47 26000
22 72 71 12.82 281.54 21.15 44.00 22.47 6000
22 279 278 75.76 1332.07 116.48 178.56 91.33 43000
22 69 68 11.23 274.59 21.47 40.78 27.94 3000
22 175 174 51.62 836.82 64.79 99.58 60.50 26000
22 277 276 63.28 1409.64 141.14 172.60 71.69 27000
22 180 179 31.18 893.97 96.54 103.64 54.99 12000
22 60 59 12.15 228.80 12.93 39.17 19.32 4000
22 264 263 46.87 1309.73 143.59 164.29 80.70 9000
22 69 68 11.74 274.94 21.79 39.61 25.63 3000
22 151 150 51.66 705.02 41.79 93.29 55.67 30000
23 314 313 82.65 1553.50 141.59 203.34 75.73 28000
23 247 246 67.04 1192.52 103.67 161.68 48.31 30000
23 134 133 27.55 596.03 53.88 91.97 49.89 11000
23 60 59 12.44 208.38 10.16 37.43 20.63 4000
23 218 217 50.76 1059.34 103.15 135.73 64.87 18000
23 81 80 19.39 354.60 25.72 44.80 30.07 7000
23 62 61 11.61 217.38 12.72 35.86 19.03 7000
23 221 220 53.79 1034.62 99.06 124.64 62.20 26000
23 148 147 42.82 660.22 46.85 93.29 46.21 18000
23 227 226 53.47 1112.66 106.99 145.52 63.25 28000
23 73 72 16.71 261.41 14.35 51.17 26.79 14000
23 96 95 19.23 408.43 34.93 58.96 26.01 7000
23 143 142 31.91 690.80 64.90 81.07 42.75 8000
24 133 132 28.69 610.72 54.07 87.11 51.70 9000
24 130 129 28.04 598.70 54.39 78.45 43.98 12000
24 214 213 58.61 1074.97 91.15 134.04 67.56 37000
24 121 120 25.69 551.97 47.20 76.45 36.30 12000
24 283 282 60.29 1402.21 144.17 176.35 77.58 25000
24 139 138 25.16 654.25 64.21 84.65 34.48 7000
24 63 62 12.21 262.98 17.75 34.58 18.32 8000
24 83 82 20.36 362.61 24.30 40.21 21.85 11000
24 227 226 57.72 1129.04 101.55 145.65 51.43 32000
24 88 87 20.95 350.67 24.86 66.27 35.84 9000
24 391 390 69.79 2002.30 239.67 231.58 106.07 10000
25 138 137 31.87 652.16 58.69 73.58 39.85 15000
25 69 68 11.24 292.20 24.19 31.85 25.80 3000
25 133 132 32.14 635.99 53.33 88.62 36.00 14000
25 63 62 13.06 237.73 14.66 38.49 22.17 5000
25 193 192 41.51 953.72 93.68 120.93 65.74 13000
25 214 213 47.47 1049.76 101.64 132.66 53.44 23000
25 133 132 38.05 646.16 50.93 82.51 49.46 19000
25 385 384 88.06 2000.27 217.44 233.20 111.64 35000
25 192 191 68.78 954.29 58.41 126.55 57.32 46000
25 150 149 33.84 733.93 68.78 88.73 38.90 14000
25 262 261 58.78 1317.24 134.18 158.95 80.95 22000
26 122 121 36.96 579.08 37.00 84.07 49.10 21000
26 85 84 18.90 377.62 28.08 54.33 29.91 10000
26 46 45 9.62 162.59 4.45 27.96 20.62 4000
26 64 63 14.83 279.16 17.38 46.03 25.96 8000
26 233 232 53.19 1169.39 112.12 142.98 66.04 22000
26 141 140 31.24 686.13 62.84 92.34 41.40 13000
26 62 61 11.16 250.83 17.85 33.87 20.31 3000
26 77 76 18.63 343.90 23.38 47.88 23.44 11000
26 280 279 83.92 1397.07 115.08 181.33 76.47 50000
26 119 118 20.53 552.85 53.57 75.90 39.56 4000
26 85 84 16.74 379.66 31.89 50.41 20.35 5000
26 109 108 25.01 516.95 41.17 66.94 38.83 11000
26 64 63 13.81 257.50 15.06 36.37 16.26 10000
26 88 87 23.56 409.44 27.03 59.35 33.40 12000
26 109 108 28.64 520.25 37.89 69.56 47.71 19000
26 62 61 9.72 264.62 21.03 31.48 21.99 3000
27 389 388 81.32 2001.26 222.92 249.45 105.91 25000
27 250 249 79.65 1276.00 97.33 166.15 73.01 45000
27 65 64 12.73 286.63 21.03 34.55 24.48 4000
27 244 243 46.59 1248.10 132.77 150.00 79.12 10000
27 93 92 20.99 441.56 34.57 56.36 20.81 9000
27 81 80 19.21 370.24 24.07 55.66 20.06 9000
27 257 256 49.17 1310.76 138.24 170.01 69.41 15000
27 286 285 64.40 1447.76 142.68 178.28 70.71 28000
27 80 79 17.53 370.49 27.99 46.77 17.48 4000
27 82 81 17.91 379.29 31.02 41.36 17.18 5000
27 61 60 13.37 264.12 14.86 39.58 21.50 8000
27 84 83 17.15 383.69 30.82 49.56 24.45 4000
28 139 138 36.16 681.98 53.07 101.91 51.96 19000
28 211 210 60.67 1078.18 88.52 146.33 69.72 25000
28 69 68 21.25 302.72 10.91 57.47 36.39 16000
28 91 90 23.54 426.51 30.51 62.31 26.01 10000
28 144 143 51.39 707.25 42.29 109.53 58.57 31000
28 79 78 16.86 366.96 26.31 53.56 16.76 6000
28 241 240 66.58 1239.86 106.11 170.73 72.52 40000
28 209 208 52.16 1074.05 95.67 152.22 68.53 25000
28 78 77 18.69 358.34 22.62 52.90 27.64 9000
28 48 47 10.34 195.91 9.04 27.16 13.36 4000
28 176 175 50.51 878.48 65.72 128.37 66.10 28000
28 132 131 32.73 652.79 53.13 87.86 45.72 17000
28 78 77 16.95 356.21 24.84 48.25 24.48 7000
28 68 67 13.91 295.01 20.03 50.98 29.89 6000
29 92 91 24.84 439.13 28.16 64.87 52.48 13000
29 77 76 13.03 353.52 30.20 44.87 22.56 4000
29 214 213 43.45 1109.53 109.87 138.92 70.40 18000
29 115 114 28.22 562.67 45.86 65.10 31.21 14000
29 200 199 46.63 1023.68 97.96 119.68 56.01 21000
29 341 340 97.03 1784.93 152.19 229.49 116.08 59000
29 182 181 39.81 927.39 87.35 117.53 70.63 18000
29 72 71 16.55 327.40 23.69 38.04 28.08 13000
29 66 65 20.07 295.48 12.36 48.39 28.83 16000
29 183 182 43.32 937.87 82.96 114.45 59.38 21000
29 175 174 41.47 886.78 79.44 109.62 52.81 20000
29 126 125 35.79 622.63 43.61 83.07 46.12 16000
30 252 251 58.15 1297.48 120.73 168.16 77.93 28000
30 68 67 15.40 302.82 18.91 43.24 38.48 9000
30 63 62 15.58 269.51 13.89 39.56 28.56 8000
30 70 69 20.16 316.79 16.82 43.52 28.06 13000
30 140 139 32.22 694.45 59.68 85.59 51.07 18000
30 58 57 11.77 251.67 15.89 30.79 17.74 5000
30 144 143 37.81 706.84 54.39 99.03 48.45 24000
30 383 382 116.37 2000.01 170.93 268.61 119.84 71000
30 45 44 12.69 176.94 4.57 26.95 21.54 8000
30 383 382 78.83 2000.76 222.03 238.10 87.65 22000
30 72 71 18.15 329.56 18.94 46.95 29.80 5000
30 62 61 10.44 265.23 19.23 37.16 23.20 3000
30 54 53 11.99 226.53 10.90 35.16 16.44 5000
30 76 75 17.32 342.58 20.95 48.99 33.55 11000
30 61 60 11.03 266.79 16.94 40.76 21.90 5000
31 77 76 26.65 355.70 16.02 54.39 36.08 12000
31 58 57 11.33 244.44 13.90 40.63 18.29 3000
31 76 75 16.92 338.52 23.84 49.08 31.46 13000
31 341 340 87.67 1748.73 153.22 247.90 101.97 46000
31 202 201 61.05 1011.46 77.49 131.98 72.60 36000
31 40 39 9.37 152.10 3.61 17.74 15.95 3000
31 78 77 19.42 355.20 21.79 54.08 20.22 14000
31 64 63 23.04 275.85 6.61 46.40 32.68 15000
31 80 79 26.89 363.21 15.79 54.57 31.03 17000
31 131 130 27.09 646.98 58.47 79.46 40.68 8000
31 163 162 54.82 799.42 47.19 109.50 58.70 37000
31 191 190 57.65 934.62 63.61 149.59 78.67 33000
31 305 304 93.25 1585.54 126.28 208.09 112.80 63000
31 55 54 10.58 228.82 13.15 34.26 20.95 4000
32 78 77 19.88 349.42 19.03 61.85 27.49 11000
32 39 38 14.56 144.16 -3.33 28.06 16.19 9000
32 56 55 13.01 238.05 11.60 35.02 20.33 4000
32 329 328 88.52 1715.86 144.03 245.11 97.90 47000
32 80 79 35.76 354.27 -1.75 71.71 32.13 27000
32 271 270 75.06 1391.24 113.16 204.73 93.89 44000
32 251 250 70.13 1297.95 107.74 174.31 94.65 40000
32 297 296 98.95 1511.59 100.31 230.26 100.76 65000
32 113 112 40.05 533.96 25.10 76.68 43.98 31000
32 102 101 35.07 474.47 22.37 77.97 51.43 25000
32 83 82 23.61 375.17 18.96 57.92 24.06 18000
32 45 44 12.59 177.73 1.47 35.60 18.30 9000
32 168 167 40.59 839.18 68.07 126.63 58.67 26000
33 281 280 103.13 1441.46 79.67 235.94 158.78 73000
33 71 70 18.25 317.76 18.76 56.15 32.88 11000
33 300 299 121.04 1511.02 71.75 254.20 140.39 87000
33 79 78 17.80 369.13 25.79 51.45 33.57 5000
33 381 380 108.63 2001.47 173.15 269.62 97.87 58000
33 137 136 51.13 663.25 30.41 109.66 48.03 37000
33 69 68 25.89 291.74 4.71 62.84 26.40 17000
33 130 129 40.24 645.67 39.58 90.85 54.71 23000
33 84 83 19.74 393.10 26.51 59.94 17.45 11000
33 64 63 11.51 277.39 18.31 47.08 25.14 3000
33 140 139 45.66 697.68 40.61 109.64 56.13 31000
33 231 230 56.36 1193.35 104.24 176.57 80.62 26000
33 80 79 21.02 365.18 20.15 57.74 19.89 13000
34 69 68 23.15 301.93 5.21 67.19 36.95 12000
34 85 84 18.09 395.33 28.62 56.13 32.79 4000
34 62 61 21.61 269.86 3.47 52.33 30.67 20000
34 64 63 14.35 282.81 16.27 39.74 28.06 6000
34 79 78 17.37 365.75 24.97 51.80 24.18 9000
34 70 69 19.18 315.78 15.95 51.94 30.45 10000
34 76 75 22.83 348.34 18.20 62.61 39.84 12000
34 140 139 41.28 697.50 44.18 110.30 63.62 31000
34 222 221 62.29 1152.21 90.26 169.42 73.01 34000
34 64 63 13.59 277.17 16.10 41.66 32.02 4000
34 146 145 47.93 725.48 40.58 105.37 51.70 26000
34 237 236 86.35 1206.99 66.98 202.61 111.36 55000
34 195 194 43.20 992.71 88.51 147.34 76.00 12000
34 76 75 14.52 348.64 24.08 51.98 25.47 5000
34 66 65 15.71 292.98 16.06 46.28 29.09 10000
34 69 68 13.80 310.12 21.52 44.90 30.76 8000
34 211 210 51.92 1084.69 91.59 145.80 78.52 26000
34 61 60 14.02 264.36 14.03 43.80 19.17 8000
35 59 58 20.43 250.85 4.19 48.68 32.38 13000
35 379 378 91.79 2003.50 196.30 271.93 106.57 38000
35 155 154 31.94 787.66 73.17 102.62 48.58 14000
35 114 113 24.97 559.41 48.16 68.41 45.80 8000
35 60 59 11.57 260.63 14.84 36.80 26.59 4000
35 385 384 132.73 2000.02 164.99 265.85 208.80 72000
35 72 71 17.21 325.96 20.50 45.17 30.80 12000
35 81 80 19.54 375.47 25.93 51.40 27.64 10000
35 216 215 45.58 1122.86 107.25 138.88 61.41 19000
35 337 336 102.56 1768.42 140.01 243.15 133.83 63000
35 130 129 28.12 649.94 58.63 83.65 55.11 14000
35 60 59 12.44 262.56 16.90 36.93 19.97 4000
36 223 222 70.44 1144.46 79.17 163.18 74.90 42000
36 138 137 38.26 688.44 47.89 100.30 55.29 18000
36 67 66 16.96 297.88 14.91 45.71 38.39 8000
36 79 78 14.78 365.40 29.20 54.40 25.86 3000
36 67 66 15.79 300.46 16.96 44.23 30.72 7000
36 203 202 55.50 1027.58 74.69 160.32 77.02 25000
36 78 77 29.43 356.59 9.05 62.68 44.24 22000
36 80 79 22.41 359.73 17.52 63.95 20.43 11000
36 308 307 97.47 1598.07 115.13 224.33 114.28 59000
36 218 217 44.18 1115.59 104.95 152.23 85.47 14000
36 356 355 117.66 1854.00 127.96 289.62 117.49 75000
36 65 64 13.08 288.38 19.08 42.76 24.21 3000
37 41 40 19.32 152.14 -9.67 32.39 7.16 14000
37 74 73 16.85 336.95 22.27 50.27 35.63 5000
37 67 66 12.70 296.08 20.53 43.67 25.57 3000
37 123 122 31.05 597.16 40.02 99.61 56.04 15000
37 176 175 62.03 887.81 49.38 142.38 64.17 42000
37 36 35 7.95 129.83 0.96 27.48 16.53 3000
37 132 131 30.81 660.56 54.80 89.70 43.89 12000
37 62 61 12.54 270.75 16.62 39.40 24.92 2000
37 62 61 14.45 262.96 12.31 41.81 32.34 8000
37 379 378 115.03 2000.68 165.56 291.64 145.48 68000
37 228 227 79.61 1144.40 66.07 178.31 94.07 50000
37 74 73 20.18 337.94 17.34 53.29 35.23 8000
37 328 327 108.38 1701.41 115.50 266.35 129.36 60000
37 142 141 37.94 707.23 52.35 107.47 63.66 22000
37 62 61 16.20 272.01 13.01 39.79 28.04 7000
37 61 60 14.45 260.25 13.00 44.28 25.11 8000
38 79 78 29.05 359.81 11.56 57.92 51.42 22000
38 72 71 21.81 323.79 13.95 52.89 26.19 15000
38 94 93 32.20 436.86 16.95 76.84 28.44 20000
38 154 153 41.43 776.66 61.68 104.72 63.41 24000
38 292 291 79.53 1505.30 117.18 229.34 97.71 52000
38 207 206 55.62 1031.81 72.66 163.02 100.28 35000
38 213 212 65.45 1089.65 77.17 149.49 88.94 33000
38 136 135 27.72 677.20 58.52 96.64 46.05 9000
38 74 73 19.80 337.30 18.55 46.21 35.35 10000
38 52 51 22.22 209.68 -3.97 41.65 22.48 14000
38 187 186 81.91 941.99 33.17 145.11 67.78 56000
38 121 120 41.34 578.23 27.13 93.88 61.29 28000
38 197 196 55.82 970.81 68.01 153.41 77.75 30000
39 366 365 118.64 1917.13 136.42 286.22 164.24 74000
39 57 56 16.24 242.04 6.19 44.98 24.57 12000
39 237 236 82.87 1206.69 68.08 200.91 106.44 59000
39 135 134 41.86 656.98 36.09 113.63 47.46 30000
39 75 74 22.29 338.04 14.81 54.89 43.29 18000
39 57 56 13.30 236.50 9.58 39.93 29.58 6000
39 66 65 15.26 296.90 16.59 46.85 24.80 8000
39 197 196 51.97 1007.26 78.40 151.54 65.82 36000
39 276 275 85.89 1379.30 92.27 229.47 112.16 50000
39 67 66 17.25 295.63 12.89 55.29 31.70 12000
39 209 208 61.78 1048.89 76.39 171.45 81.77 35000
39 142 141 45.48 691.57 35.10 118.12 78.57 32000
40 133 132 31.25 660.35 52.65 110.29 51.68 19000
40 135 134 35.57 655.78 47.36 108.42 54.98 20000
40 144 143 45.88 700.40 41.46 135.21 45.95 32000
40 303 302 71.27 1566.33 140.06 242.05 94.63 32000
40 246 245 60.72 1241.35 100.08 212.00 96.91 32000
40 70 69 13.03 298.68 19.82 52.27 35.61 3000
40 394 393 108.36 2005.47 163.64 359.24 157.45 62000
40 75 74 16.22 338.96 21.19 56.59 38.59 7000
40 70 69 15.76 313.85 18.18 54.35 36.53 4000
40 391 390 107.56 2001.96 164.87 349.35 140.06 60000
41 271 270 66.98 1382.80 111.61 268.85 106.54 34000
41 171 170 48.69 840.63 58.92 157.24 63.41 31000
41 189 188 53.18 931.39 61.65 195.01 61.84 29000
41 65 64 16.95 287.54 13.57 53.82 31.45 7000
41 388 387 82.11 2001.37 198.58 368.81 129.01 36000
41 296 295 72.50 1497.83 128.28 269.82 126.14 31000
41 72 71 13.35 310.41 21.71 62.65 33.58 4000
41 64 63 12.15 267.32 15.65 50.26 31.81 4000
41 223 222 48.88 1128.11 97.72 213.82 85.09 22000
41 147 146 35.49 678.07 46.76 144.92 41.59 14000
41 77 76 12.51 333.06 24.16 60.16 41.11 3000
42 161 160 39.18 778.88 57.63 155.89 68.97 21000
42 307 306 92.94 1543.58 105.74 300.37 117.11 59000
42 85 84 32.12 376.14 7.94 81.58 19.45 22000
42 294 293 67.63 1497.70 134.31 256.22 106.08 26000
42 140 139 42.61 699.00 43.84 128.33 57.78 27000
42 67 66 11.98 282.39 18.67 56.15 25.89 4000
42 69 68 15.94 301.68 17.27 56.29 33.48 9000
42 393 392 82.60 2000.65 194.31 385.62 140.40 27000
42 57 56 11.68 239.22 11.54 49.43 29.57 7000
42 213 212 68.85 1052.37 61.67 194.28 99.71 44000
43 86 85 27.11 378.58 12.81 80.67 24.70 17000
43 75 74 29.01 321.45 2.37 73.12 23.01 24000
43 210 209 71.91 1033.12 53.95 200.15 89.01 44000
43 72 71 22.52 290.85 6.07 74.98 31.85 14000
43 63 62 18.96 255.06 4.57 59.88 27.92 16000
43 158 157 52.56 767.03 39.03 149.81 90.79 35000
43 119 118 21.14 579.00 53.14 93.39 35.34 6000
43 71 70 19.79 289.82 9.31 68.64 22.53 11000
43 134 133 36.44 626.29 37.06 125.41 72.98 20000
43 67 66 22.91 290.18 5.39 61.78 47.42 15000
43 127 126 26.12 595.69 44.37 102.24 57.88 12000
43 145 144 47.34 705.06 35.42 137.68 56.81 31000
43 214 213 112.32 1000.02 3.33 239.32 134.84 87000
43 66 65 23.23 286.09 4.75 59.46 25.87 20000
43 62 61 14.40 260.63 11.90 51.15 31.23 4000
43 65 64 12.82 266.90 15.94 52.98 27.35 3000
43 87 86 27.89 393.30 17.67 75.56 49.89 16000
43 76 75 17.07 339.05 21.41 56.57 33.48 5000
43 88 87 32.50 391.80 7.42 90.89 25.95 28000
44 66 65 14.41 281.04 15.68 50.96 23.68 8000
44 71 70 14.98 316.75 21.74 49.04 36.66 5000
44 113 112 28.38 528.80 37.86 87.98 45.73 9000
44 64 63 22.67 245.20 -1.09 65.04 45.45 15000
44 114 113 36.83 501.36 17.57 116.15 84.88 25000
44 123 122 34.61 579.84 34.69 108.80 67.87 25000
44 248 247 67.97 1223.15 91.36 230.11 87.49 38000
44 63 62 15.64 264.04 11.12 55.97 34.27 12000
44 262 261 114.54 1269.23 38.52 293.28 134.96 93000
44 216 215 69.78 1074.71 64.87 209.93 85.42 45000
44 96 95 43.99 406.02 -2.10 102.13 78.65 38000
44 77 76 28.83 335.43 3.80 67.14 35.14 20000
44 172 171 55.28 831.71 47.93 161.92 73.20 41000
44 279 278 103.05 1383.39 69.45 283.93 119.05 81000
44 73 72 17.20 313.38 18.11 61.95 26.55 6000
45 65 64 12.71 278.88 17.99 50.81 25.80 4000
45 79 78 20.38 355.81 18.62 71.22 43.13 13000
45 282 281 67.59 1419.79 118.02 257.85 95.97 38000
45 221 220 62.09 1111.37 79.39 207.94 108.17 37000
45 127 126 24.35 613.74 52.84 102.69 54.16 8000
45 68 67 12.93 276.29 15.46 59.88 24.26 3000
45 216 215 67.66 1068.00 61.92 232.50 87.43 46000
45 71 70 19.72 312.63 14.79 60.59 34.16 13000
45 237 236 70.35 1193.00 77.49 231.21 91.99 44000
45 43 42 10.29 158.68 2.62 37.95 30.90 4000
45 177 176 41.84 882.33 70.86 156.70 72.23 15000
45 390 389 119.15 2003.27 153.39 362.27 176.85 70000
46 74 73 16.55 326.12 19.90 58.84 37.05 8000
46 148 147 34.82 726.80 55.03 135.51 67.82 17000
46 76 75 23.31 334.52 11.66 68.04 28.99 13000
46 121 120 28.68 575.61 41.63 99.47 51.67 15000
46 67 66 13.44 291.46 16.83 58.18 34.24 3000
46 56 55 13.62 235.33 8.96 46.13 20.70 8000
46 179 178 43.45 900.05 73.26 151.40 70.87 20000
46 268 267 71.98 1350.43 103.55 244.60 123.43 38000
46 384 383 86.69 2000.80 190.66 338.94 149.54 37000
46 391 390 79.39 2004.51 203.24 318.41 150.95 30000
46 107 106 32.68 500.27 28.65 87.97 42.00 29000
46 124 123 26.84 574.73 43.00 94.48 66.28 12000
47 65 64 17.85 260.42 4.04 62.29 42.80 10000
47 386 385 118.04 2005.06 158.23 352.28 131.79 74000
47 396 395 119.64 2002.52 150.19 404.86 159.76 70000
47 103 102 24.49 477.51 31.66 100.62 44.98 6000
47 180 179 32.49 902.23 85.60 142.59 89.73 6000
47 392 391 88.51 2001.13 188.08 349.11 152.76 39000
47 76 75 18.12 338.75 19.23 71.69 34.61 7000
47 275 274 75.26 1385.71 108.32 250.66 103.33 50000
48 390 389 121.91 2003.56 155.74 349.22 157.35 77000
48 214 213 75.02 1080.85 60.79 189.12 98.90 51000
48 385 384 115.34 2003.34 161.39 345.53 142.18 62000
48 376 375 76.24 1967.28 187.67 323.80 149.57 25000
48 315 314 107.60 1611.99 97.59 303.77 133.25 68000
48 328 327 102.96 1694.79 113.16 314.86 124.72 68000
49 383 382 99.98 2002.65 182.21 314.37 137.06 46000
49 89 88 26.46 414.64 22.46 74.08 41.82 16000
49 152 151 42.38 745.81 52.42 129.40 63.37 25000
49 265 264 81.02 1346.51 94.43 235.41 111.86 56000
49 166 165 62.45 829.82 39.48 149.05 92.11 43000
49 318 317 120.06 1646.14 95.90 289.35 148.87 63000
49 382 381 88.62 2001.44 200.94 294.12 146.89 30000
50 61 60 13.15 255.43 14.59 43.27 23.29 4000
50 382 381 95.86 2003.58 190.66 306.67 120.28 52000
50 147 146 41.69 721.53 47.66 110.61 77.16 29000
50 142 141 44.83 699.65 43.11 119.22 55.79 30000
50 126 125 26.08 592.90 53.15 83.38 51.87 10000
50 345 344 91.07 1790.43 153.72 278.19 127.09 44000
50 387 386 92.57 2002.08 195.82 298.80 113.12 42000
50 70 69 19.30 301.16 11.89 57.81 35.18 12000
50 210 209 65.31 1056.37 70.96 176.73 93.27 38000
50 69 68 20.68 279.61 8.47 49.97 44.40 10000
50 77 76 18.26 354.04 22.32 53.25 31.19 6000
51 345 344 94.05 1776.13 142.81 310.89 126.56 41000
51 381 380 98.67 1966.74 160.59 346.02 107.40 50000
51 83 82 18.80 386.39 26.39 61.70 46.48 10000
51 62 61 15.58 264.62 10.89 54.48 27.69 7000
51 385 384 94.57 2000.05 186.71 319.25 139.03 49000
51 89 88 14.09 394.52 31.41 70.63 32.25 3000
51 71 70 13.11 319.10 22.41 53.19 25.66 7000
51 291 290 65.49 1489.57 132.55 255.32 90.71 28000
51 63 62 13.63 274.53 15.91 49.59 22.17 5000
51 272 271 65.61 1395.09 117.15 249.38 98.39 30000
52 85 84 21.65 386.43 20.83 82.41 20.89 9000
52 178 177 55.06 858.77 50.30 164.65 88.01 38000
52 136 135 39.80 659.85 43.00 114.66 54.99 23000
52 335 334 78.40 1744.26 155.10 294.74 113.38 42000
52 228 227 65.34 1147.68 81.21 217.14 71.94 39000
52 353 352 106.04 1781.70 124.94 335.92 124.83 54000
52 81 80 22.24 369.64 17.84 72.50 23.60 14000
52 315 314 85.28 1613.41 131.27 271.97 124.21 40000
52 58 57 12.84 235.15 9.86 51.70 28.95 4000
53 75 74 19.25 337.16 18.50 65.90 42.43 7000
53 86 85 29.22 398.33 15.45 81.89 71.37 18000
53 386 385 122.79 2003.20 157.74 342.36 137.06 81000
53 384 383 115.86 2002.20 165.17 322.48 145.86 52000
53 83 82 22.17 376.04 20.59 77.51 45.33 11000
53 63 62 14.17 275.36 17.35 43.52 23.31 4000
53 201 200 51.56 1014.17 83.55 169.19 69.29 17000
53 156 155 41.12 768.60 58.28 135.67 64.77 16000
53 64 63 18.14 280.10 13.54 48.63 29.27 9000
53 68 67 16.32 303.73 18.24 49.69 29.32 8000
53 149 148 45.91 733.64 48.97 138.49 81.61 28000
54 65 64 19.48 283.17 12.66 48.31 29.30 8000
54 73 72 19.38 336.34 19.73 61.82 36.37 7000
54 81 80 36.52 367.01 0.51 80.85 18.42 22000
54 144 143 47.38 707.07 38.29 126.69 77.71 37000
54 65 64 19.95 284.55 10.89 59.17 40.52 9000
54 378 377 134.43 2001.33 152.25 293.50 152.47 73000
54 383 382 132.63 2002.01 154.82 313.27 176.38 78000
54 369 368 145.94 1933.79 118.61 306.86 148.31 114000
54 148 147 48.66 719.46 39.80 121.88 89.80 28000
54 128 127 40.56 630.89 41.28 95.08 53.05 21000
54 79 78 22.04 363.75 19.39 68.05 30.70 9000
54 73 72 18.79 332.30 20.40 63.90 36.44 6000
54 62 61 21.47 275.18 8.01 50.62 25.61 11000
55 368 367 185.98 1926.29 64.54 334.41 197.98 157000
55 322 321 133.26 1680.87 93.18 285.58 156.92 81000
55 234 233 90.56 1216.55 76.78 185.79 105.49 56000
55 72 71 22.25 324.21 14.54 58.59 41.43 14000
55 69 68 21.38 314.31 14.81 52.47 37.28 9000
55 380 379 142.05 2004.83 155.44 277.00 138.17 92000
55 38 37 13.47 139.42 -4.02 33.70 28.52 8000
55 332 331 136.21 1741.71 100.85 279.69 163.11 96000
55 65 64 21.09 288.66 11.15 54.64 36.45 12000
56 62 61 20.26 271.55 9.27 52.17 40.47 12000
56 138 137 52.32 693.61 36.37 103.44 66.22 46000
56 81 80 28.71 374.10 14.59 74.58 60.16 18000
56 225 224 98.71 1176.38 65.69 147.88 82.44 72000
56 82 81 33.29 378.39 8.39 64.92 27.87 12000
56 143 142 78.25 715.63 14.13 102.47 64.88 59000
56 271 270 127.09 1420.99 72.43 175.91 112.85 97000
56 83 82 36.56 382.16 14.14 52.54 35.68 19000
56 349 348 183.71 1834.76 63.76 268.75 185.82 142000
56 78 77 23.56 366.17 19.74 62.55 50.14 14000
56 82 81 26.00 384.19 20.57 67.66 54.77 12000
56 77 76 34.10 357.83 9.35 53.73 37.88 25000
56 120 119 51.50 592.99 23.73 98.80 76.45 49000
56 175 174 69.25 903.21 55.03 108.88 67.83 48000
56 60 59 20.74 258.10 6.72 53.47 41.21 12000
57 31 30 15.38 103.76 -8.18 19.27 9.25 11000
57 61 60 21.15 269.46 8.38 47.68 39.02 11000
57 307 306 131.42 1620.50 93.28 223.81 157.82 115000
57 124 123 51.98 617.52 31.69 78.89 55.13 39000
57 79 78 28.99 371.07 18.41 54.08 35.78 15000
57 125 124 59.98 611.19 19.79 88.21 66.44 57000
57 121 120 50.32 592.40 27.80 93.56 73.61 34000
57 143 142 63.62 717.74 33.18 94.61 52.87 48000
57 69 68 30.28 316.21 6.42 43.74 29.84 21000
57 255 254 98.72 1336.12 89.66 170.00 113.59 84000
57 81 80 37.49 368.97 6.42 67.67 49.06 31000
57 130 129 57.43 649.08 29.67 88.13 55.88 50000
57 60 59 22.23 265.69 8.17 46.76 38.22 11000
57 69 68 29.48 317.66 7.75 51.44 28.63 23000
57 68 67 25.56 308.63 12.11 44.24 27.82 17000
57 63 62 18.94 277.07 11.51 47.55 40.08 8000
58 25 24 9.10 71.55 -7.45 12.22 6.95 4000
58 193 192 85.69 983.19 44.59 130.98 81.53 74000
58 77 76 25.96 352.57 14.40 57.12 36.22 11000
58 87 86 30.80 413.74 23.20 55.45 26.76 24000
58 379 378 174.30 2000.84 114.88 271.67 144.48 146000
58 70 69 25.36 314.45 12.55 44.89 34.93 9000
58 74 73 29.36 340.05 10.90 59.69 44.69 18000
58 379 378 161.94 2004.79 133.50 254.37 144.88 123000
58 216 215 93.34 1127.70 62.67 152.23 78.89 72000
58 146 145 69.92 740.49 29.36 96.25 62.05 60000
58 81 80 28.47 377.46 17.91 60.62 35.05 18000
58 146 145 56.83 735.78 43.33 104.09 73.85 34000
58 78 77 29.86 363.29 16.13 49.70 23.55 14000
58 78 77 23.75 353.44 14.38 66.36 32.01 15000
59 26 25 8.71 74.67 -6.34 13.54 8.12 4000
59 380 379 137.74 2005.66 153.98 278.95 141.70 79000
59 381 380 139.21 2005.18 148.16 285.00 132.32 94000
59 381 380 130.79 2003.53 162.97 284.11 148.16 65000
59 98 97 29.05 456.67 28.25 72.48 59.69 13000
59 69 68 17.50 317.62 19.42 46.49 26.64 5000
59 242 241 74.66 1257.56 96.70 186.86 110.79 35000
59 204 203 69.89 1051.49 76.94 137.51 66.49 33000
59 177 176 54.34 908.58 70.70 115.73 69.60 23000
60 90 89 28.86 420.47 20.91 66.97 38.77 15000
60 65 64 20.49 290.85 12.57 46.44 34.07 10000
60 236 235 92.32 1222.79 75.27 177.98 115.77 60000
60 69 68 26.34 311.43 11.83 55.05 41.13 11000
60 318 317 126.37 1651.30 100.32 249.33 157.80 77000
60 96 95 29.06 457.11 25.41 85.36 67.40 15000
60 70 69 24.95 315.47 13.30 47.64 34.69 10000
60 62 61 19.73 269.27 9.34 57.31 40.57 12000
60 276 275 105.88 1420.72 89.25 216.49 120.87 77000
60 78 77 28.78 362.18 16.76 53.21 25.42 18000
60 136 135 55.93 681.99 34.67 105.03 77.37 44000
60 120 119 46.67 589.51 31.50 85.37 61.89 34000
60 190 189 63.53 960.85 65.99 152.37 113.82 43000
60 92 91 40.09 420.65 8.24 82.12 67.68 24000
61 291 290 95.23 1530.67 121.89 194.22 121.50 47000
61 376 375 122.32 2001.78 171.88 259.58 123.64 68000
61 80 79 20.63 373.69 24.77 51.80 22.32 9000
61 76 75 19.14 348.51 22.00 63.87 42.71 6000
61 63 62 18.87 281.05 13.98 40.86 23.63 11000
61 87 86 22.83 416.42 30.01 55.74 50.06 8000
61 119 118 40.30 581.97 35.74 79.83 53.69 21000
61 370 369 143.26 1944.22 131.38 251.42 151.69 98000
61 79 78 22.54 366.73 22.09 51.25 22.54 11000
61 161 160 61.12 803.76 44.86 120.83 87.94 38000
61 198 197 74.43 1013.68 60.43 147.80 68.30 40000
62 298 297 93.06 1557.89 127.17 222.64 137.58 42000
62 150 149 45.77 755.88 56.13 109.77 68.21 28000
62 117 116 32.11 573.85 45.42 76.05 32.68 8000
62 313 312 139.21 1619.35 79.85 244.62 125.55 92000
62 377 376 114.44 2001.45 180.26 264.12 127.97 50000
62 380 379 136.52 2004.19 156.52 260.53 112.19 83000
62 179 178 68.76 896.65 46.81 137.00 75.35 41000
62 202 201 66.46 1036.95 72.61 161.41 86.01 37000
63 73 72 20.33 329.31 16.86 61.86 31.09 7000
63 124 123 43.01 611.60 37.95 93.42 67.19 27000
63 79 78 27.12 361.41 15.14 55.22 32.99 14000
63 268 267 88.59 1401.25 105.67 204.78 128.82 52000
63 197 196 75.61 1007.44 60.81 145.88 55.83 46000
63 285 284 93.18 1495.45 118.10 204.88 103.13 44000
63 283 282 111.22 1479.63 91.08 223.43 109.21 65000
63 78 77 23.12 364.28 22.43 47.72 25.35 7000
63 62 61 19.97 267.36 9.79 46.17 30.11 13000
63 74 73 28.69 331.23 9.30 64.62 45.10 20000
63 382 381 137.17 2001.22 151.08 309.99 157.77 81000
64 79 78 25.40 362.78 17.16 56.06 32.05 15000
64 98 97 49.55 462.84 6.86 71.42 51.24 30000
64 130 129 46.52 639.48 38.70 90.36 60.10 29000
64 89 88 31.40 421.36 21.77 62.98 25.58 19000
64 141 140 50.14 710.66 49.49 89.45 49.53 32000
64 191 190 85.54 977.71 48.59 133.38 66.20 57000
64 73 72 17.26 331.52 21.80 57.45 39.97 5000
64 83 82 35.32 385.38 8.79 83.82 50.13 21000
64 120 119 39.36 590.87 39.15 85.87 59.81 20000
64 72 71 18.76 326.81 20.11 57.83 38.99 5000
64 236 235 79.12 1217.17 87.16 188.45 111.30 45000
64 315 314 119.24 1642.06 109.30 259.09 147.72 76000
64 382 381 148.26 2001.99 139.80 307.94 148.05 107000
65 35 34 12.61 124.03 -4.03 32.02 32.78 8000
65 182 181 58.33 924.29 68.73 128.65 75.02 27000
65 265 264 89.56 1385.86 103.70 195.09 120.21 55000
65 88 87 36.47 412.15 14.09 61.20 19.44 20000
65 202 201 77.20 1032.82 60.76 149.78 68.42 55000
65 80 79 24.42 370.14 23.13 52.09 26.51 8000
65 68 67 20.89 299.08 15.65 39.16 25.22 10000
65 88 87 30.82 408.28 20.81 64.14 24.25 16000
65 191 190 69.20 977.29 66.93 137.14 75.09 42000
65 254 253 86.61 1319.21 98.79 186.18 93.33 50000
65 129 128 42.61 642.30 45.29 83.20 50.79 18000
65 67 66 22.26 300.67 13.99 40.70 24.99 10000
65 76 75 20.83 350.00 20.33 65.97 47.56 5000
65 63 62 20.83 273.50 11.37 46.57 33.23 10000
65 71 70 18.64 315.81 17.85 54.30 39.22 7000
66 380 379 128.55 2004.64 172.04 259.71 120.04 70000
66 27 26 10.15 75.05 -7.06 11.48 6.71 5000
66 156 155 51.69 785.15 56.05 118.66 71.24 32000
66 85 84 19.65 398.88 28.46 73.14 58.87 6000
66 218 217 65.64 1113.48 95.24 139.75 72.21 24000
66 384 383 141.25 2002.58 159.20 262.25 121.15 91000
66 381 380 131.36 2000.87 169.34 243.23 132.92 74000
66 334 333 104.25 1760.08 153.79 212.94 112.48 54000
67 386 385 132.57 2005.74 170.91 282.67 142.30 77000
67 285 284 100.83 1474.00 106.67 221.43 140.10 59000
67 63 62 18.81 257.45 10.78 49.18 31.93 4000
67 384 383 140.58 2000.44 154.29 293.07 150.94 82000
67 135 134 44.96 653.04 45.36 97.16 63.25 24000
67 153 152 51.20 762.12 51.02 130.14 89.88 32000
67 117 116 36.03 535.73 32.63 83.39 54.10 19000
67 93 92 30.78 427.13 20.30 86.42 84.89 14000
67 356 355 118.19 1868.27 151.04 273.22 129.23 56000
68 62 61 14.69 254.86 13.33 49.88 31.92 3000
68 385 384 101.32 2005.33 203.30 279.95 98.20 34000
68 48 47 13.75 185.60 5.53 41.81 33.80 3000
68 386 385 108.84 2000.86 190.92 298.02 123.21 57000
68 385 384 110.84 2002.18 186.24 317.60 120.06 48000
68 382 381 105.45 2000.05 192.29 306.02 128.43 39000
68 171 170 45.82 849.50 72.49 147.16 72.48 19000
69 390 389 105.37 2000.96 194.20 309.06 125.67 38000
69 386 385 99.96 2000.05 203.74 280.69 90.70 46000
69 345 344 78.56 1781.46 179.85 264.60 106.22 24000
69 268 267 70.66 1343.26 115.09 228.37 119.25 32000
69 79 78 20.98 337.32 21.35 57.32 36.52 9000
69 393 392 87.20 2000.65 216.10 298.72 96.78 27000
69 161 160 33.95 781.13 73.43 134.05 70.31 11000
70 389 388 99.59 2004.42 203.37 305.08 146.03 47000
70 387 386 95.73 2000.65 208.15 294.33 112.29 43000
70 240 239 58.53 1196.25 108.51 198.21 88.53 28000
70 226 225 66.66 1154.91 93.53 194.46 104.25 29000
70 150 149 35.17 743.49 67.25 118.74 57.62 9000
70 386 385 99.11 2004.73 202.34 300.25 128.00 47000
71 219 218 61.15 1114.69 92.43 175.11 101.79 29000
71 150 149 36.27 739.50 64.94 108.16 50.45 8000
71 304 303 74.77 1543.81 148.07 221.42 113.02 20000
71 197 196 58.10 976.91 80.02 152.31 62.03 27000
71 214 213 54.94 1074.20 96.31 152.62 72.73 20000
71 224 223 62.19 1149.68 100.20 169.42 108.98 30000
71 252 251 72.05 1280.64 107.47 192.10 92.06 36000
71 359 358 85.01 1864.61 189.33 250.39 130.64 22000
71 39 38 12.99 119.34 -4.41 31.91 38.47 8000
72 96 95 19.17 423.49 33.76 84.03 45.21 4000
72 66 65 12.52 282.27 20.72 44.71 23.74 3000
72 256 255 54.57 1312.99 134.89 179.15 69.82 19000
72 67 66 20.93 290.32 14.55 42.91 25.35 16000
72 157 156 38.64 771.29 64.89 132.89 70.74 9000
72 141 140 40.47 685.39 53.84 101.00 46.53 17000
72 150 149 44.71 748.33 56.27 108.08 64.25 21000
72 133 132 27.53 625.81 57.26 106.02 50.07 5000
72 391 390 105.40 2004.68 195.10 301.42 138.59 48000
72 204 203 46.27 1023.78 95.53 159.19 82.79 11000
72 164 163 43.80 813.80 67.58 117.53 43.06 18000
72 193 192 62.83 974.65 66.32 153.35 75.85 33000
73 387 386 92.86 2002.24 211.46 281.86 95.94 39000
73 391 390 108.04 2002.26 189.56 317.17 143.47 47000
73 37 36 9.65 129.66 0.25 26.85 21.74 3000
73 145 144 39.47 712.51 60.56 106.57 51.26 10000
73 397 396 109.19 2002.61 192.22 300.98 103.42 53000
73 242 241 54.92 1231.93 122.84 179.29 79.66 26000
73 89 88 16.40 403.21 31.39 81.77 65.71 3000
73 293 292 64.53 1473.22 152.01 206.64 92.66 19000
74 399 398 102.02 2000.30 207.24 283.30 135.43 43000
74 388 387 103.36 2002.71 203.56 260.71 120.10 49000
74 392 391 105.50 2004.82 203.80 268.54 132.49 41000
74 168 167 40.83 811.73 74.67 117.24 62.02 10000
74 217 216 79.17 1094.37 73.30 186.75 123.24 53000
74 152 151 40.31 733.89 61.89 111.24 58.27 12000
75 222 221 65.07 1096.90 92.43 152.50 81.94 38000
75 126 125 47.49 594.97 31.18 106.85 79.62 26000
75 195 194 49.39 976.26 90.34 141.15 94.18 20000
75 71 70 15.73 305.35 22.28 42.87 31.53 3000
75 252 251 69.60 1263.52 117.32 170.92 84.76 40000
75 231 230 69.32 1127.11 91.86 175.29 79.65 30000
75 125 124 30.77 589.70 50.64 81.90 62.10 13000
75 324 323 93.35 1640.90 146.35 241.64 120.93 46000
75 79 78 18.62 330.61 21.73 65.69 41.62 7000
75 302 301 87.73 1526.98 136.25 205.43 103.02 31000
76 77 76 28.99 335.69 10.45 67.49 42.85 15000
76 387 386 123.66 1991.18 176.25 264.81 135.39 65000
76 124 123 35.56 589.37 44.28 96.32 69.30 15000
76 398 397 111.12 2003.53 201.35 273.73 116.74 64000
76 69 68 19.35 297.22 18.03 40.00 23.94 6000
76 86 85 27.45 385.49 23.21 51.34 29.34 19000
76 47 46 16.91 187.31 1.62 37.65 30.66 10000
76 391 390 133.59 2001.90 173.70 257.96 120.44 106000
76 238 237 67.56 1198.90 111.50 144.41 65.52 43000
76 78 77 21.05 350.02 21.56 65.64 42.84 11000
76 133 132 39.06 629.71 48.11 110.64 61.86 20000
77 251 250 73.46 1277.52 110.26 194.74 127.12 43000
77 214 213 69.19 1061.71 81.58 154.58 91.83 41000
77 86 85 22.86 396.30 29.63 52.61 22.24 7000
77 70 69 19.65 303.75 19.16 42.20 25.65 8000
77 403 402 121.19 2000.87 189.39 282.10 106.28 71000
77 397 396 125.07 1994.45 167.56 305.15 137.33 72000
77 335 334 106.05 1688.72 143.37 229.22 109.75 59000
78 150 149 43.48 713.32 54.28 116.01 58.04 26000
78 395 394 119.51 2001.74 188.97 275.66 110.40 53000
78 391 390 114.10 2004.93 190.95 289.40 122.68 49000
78 188 187 49.30 920.88 82.84 130.90 56.08 15000
78 298 297 81.68 1456.94 130.06 230.36 116.83 40000
78 391 390 103.04 2001.62 201.37 296.23 173.78 45000
78 150 149 41.17 722.44 61.02 102.91 56.79 20000
79 389 388 119.12 2002.88 190.52 265.53 112.03 73000
79 78 77 17.00 347.61 25.88 58.48 36.35 4000
79 358 357 100.73 1749.99 159.52 252.11 111.10 48000
79 403 402 105.94 2001.91 209.08 266.15 118.53 58000
79 107 106 40.48 510.77 24.44 79.35 47.77 35000
79 129 128 34.10 582.26 46.19 102.56 63.55 23000
79 406 405 116.94 2004.01 197.58 271.58 117.83 49000
80 151 150 38.91 691.71 58.24 99.26 57.65 19000
80 335 334 84.02 1679.93 168.12 223.62 108.94 36000
80 400 399 98.11 2000.20 213.47 267.61 117.71 33000
80 405 404 112.41 2000.47 200.17 270.88 126.95 59000
80 215 214 70.17 1060.24 82.74 145.35 84.06 30000
80 159 158 40.42 758.40 68.99 90.82 46.78 14000
80 78 77 28.24 326.89 13.86 53.25 35.83 19000
81 395 394 92.51 2002.14 217.87 264.25 129.41 21000
81 276 275 56.14 1309.40 140.00 181.65 58.81 12000
81 378 377 86.23 1854.08 191.38 262.41 101.72 35000
81 77 76 17.36 337.87 26.07 51.10 35.87 4000
81 51 50 13.47 176.76 5.73 34.21 19.39 5000
81 74 73 14.31 315.64 26.17 43.06 30.31 3000
81 398 397 107.01 1992.25 194.37 274.85 103.84 48000
81 75 74 15.45 324.79 25.68 42.88 25.63 3000
81 322 321 71.32 1601.21 170.09 211.45 95.06 19000
82 72 71 14.95 275.04 19.05 49.27 27.30 4000
82 85 84 18.87 364.06 30.64 47.16 30.28 7000
82 76 75 15.92 310.39 21.52 56.47 44.10 4000
82 206 205 48.56 993.38 96.95 132.01 66.84 10000
82 397 396 104.62 2001.70 207.31 270.29 111.27 46000
82 234 233 53.36 1116.51 112.79 148.99 63.50 20000
82 272 271 63.51 1364.85 140.18 179.60 85.94 24000
82 274 273 72.65 1361.82 129.32 187.91 115.80 37000
82 71 70 16.54 270.14 17.24 52.39 38.07 3000
82 239 238 58.77 1048.80 97.99 172.93 89.43 21000
83 68 67 17.01 278.61 16.42 46.98 28.53 3000
83 208 207 51.54 1030.65 98.30 138.43 81.47 21000
83 63 62 12.62 257.36 16.73 44.23 20.93 3000
83 74 73 19.04 332.43 23.92 39.67 28.19 5000
83 380 379 106.77 1870.29 173.81 278.21 129.51 70000
83 129 128 30.71 588.12 52.51 81.20 50.38 5000
83 207 206 64.50 1016.36 82.10 147.12 79.19 29000
83 86 85 17.11 358.73 29.60 58.01 30.01 4000
83 402 401 104.90 2001.01 205.05 285.73 122.92 49000
83 399 398 97.92 2003.36 215.84 267.76 126.47 29000
84 35 34 8.48 115.96 -0.37 21.64 17.49 3000
84 70 69 16.97 280.10 18.25 36.76 27.03 4000
84 141 140 33.55 635.30 56.63 84.10 47.33 10000
84 210 209 56.00 1011.33 94.27 129.99 45.80 22000
84 81 80 14.92 354.37 30.27 53.63 28.45 3000
84 211 210 71.39 1066.86 77.53 147.68 88.78 43000
84 282 281 74.41 1435.66 137.81 173.93 98.56 29000
84 65 64 16.10 244.59 14.18 33.36 19.39 6000
84 122 121 32.08 547.95 43.59 86.73 33.36 12000
84 70 69 17.47 296.00 19.02 39.30 24.68 5000
84 208 207 52.48 1023.68 95.15 142.90 67.64 16000
84 70 69 14.38 301.00 22.34 43.49 28.96 3000
84 159 158 46.07 744.62 60.10 97.24 49.72 30000
84 310 309 88.66 1548.53 140.89 191.40 99.63 44000
