0 62 61 26.16 161.01 -7.31 32.53 42.64 23000
0 63 62 14.91 225.04 12.24 29.01 17.55 6000
0 71 70 15.75 234.54 12.92 31.93 35.40 9000
0 63 62 13.45 179.61 8.31 31.36 19.50 4000
0 62 61 18.19 197.55 5.53 33.37 21.53 10000
0 66 65 11.72 202.00 11.90 36.25 18.50 3000
0 73 72 18.56 234.71 11.19 35.94 29.10 11000
0 64 63 13.02 195.93 9.56 29.42 22.80 3000
0 70 69 19.87 241.45 9.31 31.84 25.27 12000
0 74 73 15.71 251.78 16.43 31.56 25.34 7000
0 133 132 57.41 564.17 21.99 63.15 54.08 44000
0 69 68 20.10 220.41 7.20 38.77 28.18 10000
0 60 59 15.20 157.35 3.62 33.35 15.46 7000
0 67 66 17.86 218.57 8.47 32.22 28.61 10000
0 66 65 16.22 217.16 9.78 32.06 25.55 8000
0 68 67 21.47 258.15 11.24 27.23 17.15 13000
0 68 67 16.83 221.45 10.50 35.26 21.10 7000
0 67 66 17.39 247.74 11.72 31.56 19.34 12000
0 61 60 11.68 177.85 8.29 25.53 21.53 3000
0 60 59 12.33 198.32 10.67 26.07 21.11 6000
0 72 71 11.96 259.83 19.35 35.19 20.71 4000
0 58 57 16.29 186.20 5.17 25.53 15.78 11000
0 59 58 16.14 216.98 9.22 31.68 19.84 13000
0 60 59 14.60 174.76 4.86 24.76 15.12 10000
0 61 60 10.43 189.91 11.42 26.83 12.97 4000
0 65 64 13.90 218.27 11.75 31.70 16.23 8000
0 64 63 17.76 192.27 4.77 31.95 26.51 13000
0 69 68 12.26 208.91 13.37 36.43 19.11 3000
0 61 60 13.30 195.83 9.16 31.34 17.77 3000
0 65 64 19.70 204.98 6.01 35.68 24.15 15000
1 63 62 16.92 195.30 6.50 29.03 24.80 8000
1 57 56 11.97 177.50 7.17 28.95 16.76 3000
1 67 66 17.92 207.90 7.57 33.58 24.74 11000
1 63 62 16.81 196.64 6.44 33.03 20.06 7000
1 74 73 15.17 267.18 17.31 33.91 27.64 9000
1 60 59 15.86 175.13 4.44 31.78 19.59 9000
1 72 71 18.29 192.71 7.37 29.25 17.87 10000
1 66 65 15.28 207.67 9.57 32.29 18.56 8000
1 137 136 65.66 532.46 12.82 69.57 53.45 47000
1 72 71 23.35 231.16 5.91 43.07 35.32 20000
1 65 64 16.16 208.59 8.70 30.49 22.31 5000
1 58 57 11.89 194.77 9.44 25.75 18.61 4000
1 76 75 25.62 295.07 12.42 39.09 26.24 20000
1 77 76 19.26 281.78 17.49 31.74 23.23 8000
1 66 65 11.73 193.43 10.33 31.83 19.91 5000
1 73 72 20.29 267.84 13.70 34.22 19.38 14000
1 65 64 13.78 197.17 8.97 35.23 23.32 7000
1 70 69 16.39 223.24 11.24 33.75 13.03 7000
1 85 84 21.75 348.17 24.60 38.18 18.12 8000
1 65 64 12.63 218.71 13.29 31.87 12.02 4000
1 75 74 26.68 292.72 10.11 35.29 24.17 15000
1 68 67 16.13 249.68 13.93 30.35 25.07 6000
1 71 70 17.24 246.36 13.54 35.30 19.56 10000
1 120 119 35.52 503.50 32.98 57.62 42.50 29000
1 66 65 15.24 225.48 10.67 31.60 31.75 10000
1 60 59 16.47 217.24 9.18 29.88 22.68 8000
1 65 64 12.54 194.42 11.33 28.25 21.16 4000
1 73 72 19.55 229.34 8.89 42.61 25.33 12000
2 63 62 14.06 219.69 11.21 31.13 20.24 9000
2 76 75 14.91 269.79 19.38 31.82 20.37 5000
2 72 71 15.49 245.48 16.07 33.62 18.83 4000
2 60 59 13.83 184.96 7.50 26.76 22.87 7000
2 66 65 19.59 228.38 7.27 31.48 15.44 13000
2 63 62 12.36 208.84 11.42 29.40 16.65 3000
2 92 91 31.89 369.10 16.29 43.43 19.87 21000
2 68 67 13.13 250.66 16.94 29.43 20.93 7000
2 64 63 10.92 207.25 12.60 27.00 19.65 4000
2 66 65 11.59 190.59 10.65 29.52 13.47 4000
2 71 70 20.61 260.41 11.61 28.70 23.28 12000
2 67 66 14.51 250.82 15.43 31.89 27.95 3000
2 58 57 14.21 188.37 6.39 23.89 19.85 10000
2 56 55 13.95 163.65 5.04 25.27 23.68 8000
2 76 75 20.55 288.55 16.14 30.00 20.56 10000
2 85 84 24.95 286.75 11.74 40.98 20.19 20000
2 73 72 21.82 264.12 9.34 36.11 20.47 18000
2 65 64 12.58 206.09 12.76 30.03 20.73 5000
2 135 134 32.21 559.73 44.57 73.28 41.50 19000
2 128 127 63.31 517.45 9.70 65.00 53.69 49000
2 66 65 16.63 192.84 6.66 32.37 27.22 10000
2 74 73 18.66 265.59 14.29 35.35 28.83 15000
2 67 66 17.23 227.57 10.55 27.71 19.76 10000
2 58 57 15.15 178.41 4.09 27.26 25.90 11000
2 78 77 18.98 277.21 16.74 33.12 18.61 12000
2 122 121 35.41 533.83 37.71 54.86 30.76 29000
2 73 72 19.51 240.26 11.86 32.14 22.60 10000
3 66 65 12.08 223.06 14.15 27.82 18.83 5000
3 84 83 29.15 318.32 10.93 41.15 24.19 20000
3 93 92 35.14 352.82 11.32 40.84 19.96 25000
3 68 67 11.19 224.07 15.10 34.11 17.57 4000
3 89 88 22.26 336.42 21.96 43.70 30.28 14000
3 58 57 8.90 165.37 8.48 25.48 18.22 3000
3 131 130 40.68 566.55 38.73 60.09 48.44 18000
3 119 118 42.32 467.32 24.06 65.15 38.42 25000
3 126 125 31.69 494.81 36.20 63.86 50.21 14000
3 64 63 16.87 243.00 12.58 32.75 12.18 9000
3 59 58 10.85 178.20 9.13 28.20 18.16 4000
3 69 68 11.64 229.00 15.64 30.56 18.98 2000
3 72 71 16.38 272.96 15.45 37.04 26.84 10000
3 73 72 22.13 261.01 10.09 34.63 26.33 10000
3 94 93 22.76 374.27 27.86 39.85 20.92 14000
3 61 60 16.04 202.26 8.15 25.74 15.25 13000
3 85 84 17.12 310.26 22.84 41.39 20.48 10000
3 62 61 21.27 203.02 2.90 27.78 25.37 18000
3 145 144 62.37 566.36 21.65 68.24 41.21 48000
3 120 119 35.76 492.96 30.98 59.25 29.86 22000
3 86 85 27.63 332.31 16.15 40.66 26.28 18000
3 66 65 11.62 198.18 10.97 26.79 16.16 5000
3 74 73 16.40 258.07 16.11 35.87 29.30 7000
3 77 76 15.05 274.15 19.52 36.02 26.84 4000
4 61 60 11.96 182.16 7.62 32.12 17.36 5000
4 134 133 38.03 557.45 37.79 67.78 31.42 18000
4 69 68 15.73 229.18 11.72 32.33 21.54 8000
4 59 58 9.84 165.51 6.96 32.37 13.28 4000
4 58 57 10.83 167.75 6.75 33.70 20.74 4000
4 80 79 20.75 270.60 14.11 40.85 29.20 13000
4 140 139 40.99 579.81 40.00 66.23 53.86 24000
4 65 64 10.35 212.96 13.85 31.72 13.95 4000
4 153 152 39.67 657.66 52.51 83.42 41.15 23000
4 82 81 24.21 287.11 10.75 41.64 10.76 15000
4 67 66 12.70 235.98 15.83 30.80 24.58 6000
4 63 62 10.58 203.00 12.52 30.85 16.38 4000
4 72 71 15.75 271.84 17.40 34.88 21.46 6000
4 131 130 30.28 545.03 43.07 78.84 54.10 19000
4 150 149 44.99 646.09 43.58 73.31 43.62 25000
4 67 66 11.76 187.46 8.06 38.24 25.93 6000
4 134 133 35.94 543.02 40.19 73.02 36.98 18000
4 53 52 19.81 140.97 -4.09 25.42 13.00 13000
4 84 83 13.29 312.83 27.19 36.82 24.90 4000
4 56 55 9.58 150.80 4.66 30.78 21.99 7000
4 55 54 8.23 163.26 7.43 29.63 14.72 3000
4 61 60 11.09 195.51 11.10 28.99 12.06 5000
4 66 65 10.98 210.68 12.78 35.36 21.41 4000
4 61 60 12.92 190.67 8.10 29.39 22.35 3000
5 83 82 21.02 302.45 15.69 48.01 34.21 12000
5 157 156 37.62 641.12 50.77 92.70 54.46 20000
5 57 56 8.07 189.73 12.66 26.94 12.94 3000
5 217 216 54.63 913.48 76.35 123.15 61.94 27000
5 68 67 13.04 228.91 13.42 36.02 16.00 6000
5 81 80 18.05 313.69 19.81 52.09 36.20 9000
5 81 80 26.88 272.57 5.94 43.39 13.63 18000
5 83 82 23.30 319.35 14.52 50.57 20.82 12000
5 67 66 10.99 226.09 14.08 37.47 20.89 3000
5 68 67 9.98 258.01 20.34 34.70 21.58 3000
5 81 80 17.91 282.06 17.51 49.70 19.00 10000
5 65 64 18.04 216.94 4.92 34.78 17.81 14000
5 58 57 11.72 170.26 5.10 36.56 29.74 7000
5 66 65 13.18 227.76 11.84 39.38 23.84 7000
5 68 67 16.78 250.50 11.28 38.27 20.81 8000
5 78 77 18.96 292.06 14.72 47.68 40.92 10000
5 74 73 9.43 247.75 19.14 36.65 25.90 4000
5 56 55 12.17 173.38 4.93 37.26 16.84 8000
5 136 135 35.90 559.76 41.68 80.05 41.01 14000
5 69 68 12.08 220.22 13.44 38.59 19.01 4000
5 208 207 74.58 928.76 49.93 134.98 80.33 45000
5 81 80 15.54 290.41 20.26 48.20 18.55 5000
6 73 72 19.09 253.65 10.24 42.21 20.56 12000
6 87 86 27.62 296.79 6.98 67.85 29.22 16000
6 83 82 17.42 322.65 24.28 44.00 23.76 12000
6 132 131 33.68 507.30 37.13 75.69 67.48 17000
6 315 314 98.41 1377.17 105.73 195.45 96.24 60000
6 94 93 18.67 369.35 28.03 59.08 13.60 10000
6 57 56 8.21 174.69 9.26 33.42 19.27 3000
6 146 145 40.49 572.68 39.23 87.09 46.22 25000
6 149 148 42.78 598.90 42.52 83.91 41.43 23000
6 146 145 32.23 627.52 55.65 80.60 29.83 13000
6 122 121 27.71 460.91 36.11 69.60 37.89 11000
6 73 72 14.93 229.47 11.91 40.67 22.03 8000
6 422 421 121.27 2004.67 185.10 267.29 139.07 61000
7 305 304 103.99 1385.91 97.67 199.29 80.99 68000
7 167 166 32.23 739.14 73.80 95.02 60.32 12000
7 66 65 12.03 233.46 14.60 40.85 27.18 4000
7 75 74 13.03 267.18 19.94 46.80 33.48 6000
7 324 323 73.93 1538.99 154.41 186.78 104.37 29000
7 296 295 54.59 1332.79 141.41 183.18 63.89 18000
7 142 141 46.30 565.64 34.80 79.16 45.13 24000
7 146 145 40.88 576.70 42.00 87.16 48.68 22000
7 346 345 96.10 1651.43 145.21 201.67 117.24 51000
7 122 121 34.51 493.75 30.14 71.69 31.06 22000
8 465 464 104.46 2003.71 212.13 319.09 123.76 30000
8 78 77 14.48 292.05 22.22 49.35 31.43 4000
8 147 146 35.96 610.65 48.83 93.50 31.97 13000
8 69 68 15.53 241.67 13.07 48.73 34.04 7000
8 163 162 60.35 643.53 36.04 94.35 67.04 41000
8 219 218 57.95 996.89 85.34 142.49 68.50 27000
8 139 138 29.05 611.93 54.64 82.78 39.03 9000
8 403 402 95.16 2003.59 214.59 246.35 99.47 27000
8 258 257 57.81 1161.36 115.74 153.05 66.73 26000
8 82 81 16.16 272.57 17.81 56.94 41.22 8000
9 109 108 28.28 395.11 26.08 83.98 42.65 14000
9 319 318 94.90 1348.68 106.43 206.58 105.57 52000
9 432 431 128.94 2003.62 177.82 285.54 133.34 70000
9 232 231 65.04 956.11 76.86 158.50 77.54 34000
9 145 144 37.43 585.28 46.20 78.93 51.33 15000
9 58 57 13.05 151.98 4.66 29.98 20.22 4000
9 62 61 11.15 198.41 11.36 34.42 24.13 3000
9 149 148 39.23 596.51 44.58 97.41 39.32 16000
9 148 147 37.30 605.89 47.33 88.35 31.85 17000
9 307 306 78.53 1310.66 114.03 220.66 90.07 34000
10 453 452 119.23 2000.29 183.29 356.30 156.95 46000
10 251 250 78.86 997.79 68.97 208.73 119.58 34000
10 68 67 13.03 218.27 11.00 53.71 23.49 4000
10 76 75 19.98 266.01 11.87 52.73 29.04 11000
10 57 56 13.36 171.24 4.99 34.04 18.89 4000
10 64 63 10.54 234.04 15.20 37.74 18.94 3000
10 202 201 48.78 879.15 75.89 144.84 81.20 20000
10 334 333 97.43 1360.56 101.34 266.72 129.60 57000
10 189 188 38.22 765.21 68.01 152.81 69.51 10000
10 60 59 13.64 206.16 8.76 38.52 19.76 4000
10 147 146 33.94 598.82 47.34 107.27 39.42 13000
10 134 133 31.90 559.83 44.46 88.32 54.09 15000
11 469 468 128.89 1952.16 160.54 393.38 175.20 61000
11 257 256 61.35 1092.38 93.03 192.82 81.21 37000
11 291 290 82.26 1169.86 86.23 232.76 96.45 51000
11 460 459 104.82 2001.73 200.45 366.34 135.18 51000
11 163 162 33.96 632.83 52.31 131.08 57.89 17000
11 76 75 16.06 245.13 13.19 57.42 38.71 8000
12 386 385 109.74 1666.81 135.88 304.89 178.72 54000
12 127 126 30.50 536.61 43.33 91.82 47.50 16000
12 70 69 15.45 250.30 14.17 45.06 27.22 7000
12 64 63 16.44 192.84 5.81 43.07 27.10 12000
12 63 62 11.74 171.59 6.74 47.26 25.44 3000
12 348 347 91.04 1536.54 135.06 276.21 105.37 42000
12 129 128 25.14 483.01 42.00 100.32 45.58 13000
12 374 373 83.83 1653.59 159.19 287.09 117.03 33000
12 338 337 82.36 1471.68 130.13 286.73 115.76 34000
12 137 136 26.95 504.46 40.55 99.49 48.50 10000
13 210 209 48.09 850.50 68.93 183.16 88.94 24000
13 214 213 49.40 759.60 60.00 185.52 85.05 14000
13 421 420 104.97 1796.55 155.73 375.90 149.90 55000
13 458 457 102.51 1961.58 187.60 377.66 149.69 32000
13 171 170 42.82 655.78 48.27 148.53 50.96 16000
13 346 345 90.96 1429.80 118.67 305.72 152.58 39000
13 73 72 16.24 226.54 9.24 62.36 32.83 9000
14 225 224 60.20 911.26 73.60 170.85 93.51 29000
14 132 131 23.44 486.58 41.74 107.49 41.91 4000
14 130 129 27.12 533.67 44.43 98.45 51.79 10000
14 210 209 48.76 803.74 68.69 177.01 72.76 15000
14 232 231 50.45 942.11 84.34 190.28 71.84 19000
14 253 252 58.18 1040.46 90.86 199.48 94.80 21000
14 104 103 20.97 396.95 29.73 76.24 47.18 9000
14 70 69 18.64 238.19 11.54 53.90 27.57 9000
14 78 77 20.06 265.02 11.93 72.74 41.61 9000
14 366 365 84.61 1560.30 145.88 310.55 140.23 31000
14 70 69 14.87 232.70 12.23 46.86 20.60 7000
15 84 83 17.84 254.71 12.17 82.07 31.52 6000
15 461 460 98.91 1902.18 181.64 457.99 159.98 19000
15 215 214 48.97 845.35 71.22 198.65 81.68 18000
15 280 279 60.54 1121.44 100.15 270.11 89.19 23000
15 99 98 25.29 334.19 17.14 113.02 57.38 12000
15 73 72 13.33 231.68 12.02 62.52 34.70 4000
15 473 472 114.89 2000.90 189.71 460.97 171.79 46000
15 50 49 8.96 117.62 0.67 47.39 31.55 3000
15 280 279 58.79 1193.80 113.03 263.27 104.20 16000
16 166 165 37.90 659.05 54.26 145.79 58.14 9000
16 482 481 129.02 2002.60 173.06 482.55 174.21 42000
16 477 476 116.05 2004.27 180.09 496.28 201.01 43000
16 160 159 33.39 606.78 49.93 150.02 56.74 6000
16 467 466 89.74 2003.37 212.87 438.22 131.08 15000
16 214 213 55.70 813.54 57.95 219.05 102.76 35000
17 35 34 12.13 67.47 -8.44 34.25 23.56 12000
17 130 129 22.91 497.92 42.68 117.57 57.48 8000
17 368 367 71.56 1526.64 151.76 340.54 154.04 23000
17 129 128 20.77 432.33 35.46 116.07 49.10 7000
17 323 322 56.76 1355.97 140.76 299.96 109.41 9000
17 192 191 35.67 721.12 64.60 179.93 63.56 11000
17 129 128 19.97 460.99 39.15 118.32 50.97 5000
17 72 71 14.47 221.71 11.74 54.53 21.53 8000
17 475 474 84.53 2002.05 221.81 428.04 126.24 21000
18 266 265 66.81 1001.79 76.28 268.14 121.70 22000
18 70 69 11.94 230.68 15.48 49.72 25.19 6000
18 480 479 90.44 2002.44 209.40 492.70 153.43 20000
18 70 69 14.24 218.44 8.88 72.20 40.24 6000
18 334 333 64.73 1375.43 129.09 332.91 123.78 19000
18 72 71 20.25 235.13 7.93 66.05 36.57 12000
18 77 76 17.88 222.46 6.91 83.71 48.07 12000
18 462 461 100.64 1976.45 188.02 448.84 197.09 33000
19 40 39 9.81 100.88 -2.62 32.74 26.02 5000
19 142 141 29.56 586.54 49.70 127.34 59.71 9000
19 184 183 33.11 688.71 62.17 194.98 74.78 4000
19 417 416 86.99 1817.64 182.82 382.09 127.41 11000
19 194 193 39.22 729.99 65.33 185.78 75.56 5000
19 154 153 31.48 569.51 48.36 139.36 50.52 5000
19 406 405 101.97 1579.45 130.43 474.51 181.35 30000
19 467 466 107.73 2000.32 197.28 444.66 163.69 27000
20 331 330 62.31 1406.92 146.07 290.15 108.63 16000
20 450 449 87.23 2000.21 221.05 389.88 116.49 5000
20 91 90 18.65 312.09 20.64 89.70 52.08 8000
20 479 478 120.73 2000.45 187.29 473.91 223.09 46000
20 484 483 98.54 2002.27 205.63 478.46 189.27 29000
20 142 141 28.45 583.39 52.77 110.40 40.64 5000
21 192 191 38.64 823.53 79.84 159.11 60.02 15000
21 61 60 11.23 164.79 7.34 39.65 20.24 4000
21 81 80 16.51 260.50 14.53 82.28 52.02 10000
21 215 214 36.55 868.29 86.31 196.91 72.11 7000
21 485 484 87.98 2000.67 222.73 452.51 126.82 9000
21 208 207 39.04 836.53 81.14 200.88 90.91 12000
21 97 96 19.61 330.20 22.01 99.05 55.13 7000
21 286 285 54.88 1241.18 127.98 242.94 95.10 5000
21 149 148 24.92 596.13 58.17 111.56 49.98 2000
22 361 360 74.64 1420.16 137.03 372.49 131.37 16000
22 469 468 93.67 2001.85 216.59 437.21 156.08 13000
22 120 119 25.44 449.83 35.46 107.55 43.08 9000
22 126 125 25.79 494.17 39.93 116.51 56.98 8000
22 203 202 41.31 907.64 87.44 171.58 58.92 10000
22 91 90 20.78 302.38 16.40 114.12 54.97 9000
22 353 352 76.12 1505.83 148.25 320.24 103.36 19000
22 139 138 26.62 538.85 47.03 132.13 56.66 4000
23 270 269 58.98 1088.26 101.95 253.56 83.32 13000
23 211 210 40.88 825.52 77.44 222.47 70.57 7000
23 446 445 89.94 1898.57 191.59 439.45 157.67 13000
23 457 456 97.37 1823.30 171.64 512.28 181.57 26000
23 97 96 19.96 381.28 28.96 96.89 47.28 9000
23 208 207 44.97 826.15 77.33 192.15 60.70 13000
23 132 131 23.67 533.89 49.24 110.23 48.43 6000
24 417 416 79.71 1792.62 179.50 469.61 141.86 22000
24 161 160 29.51 558.32 45.26 191.61 83.14 8000
24 460 459 82.35 2001.05 225.28 439.75 146.29 13000
24 202 201 36.61 790.78 71.96 234.43 97.09 10000
24 294 293 49.07 1214.75 120.98 345.80 124.58 4000
24 208 207 41.54 712.11 61.91 222.71 66.78 5000
25 71 70 16.76 206.03 6.56 85.78 48.10 6000
25 502 501 106.65 2003.15 200.46 560.30 160.99 31000
25 277 276 60.42 1090.80 100.33 281.92 104.68 10000
25 485 484 80.97 2001.80 222.63 515.06 128.07 7000
25 34 33 9.44 77.53 -5.48 34.02 24.46 7000
25 192 191 35.15 795.22 76.17 194.17 68.20 7000
25 74 73 15.75 229.59 10.77 70.48 28.64 6000
25 383 382 70.93 1578.48 160.69 393.56 140.57 6000
26 239 238 37.41 954.40 95.96 241.81 76.53 7000
26 288 287 57.13 1150.29 108.35 323.65 117.86 9000
26 334 333 60.47 1428.97 141.31 349.29 132.41 14000
26 65 64 13.13 174.97 5.70 66.61 31.21 4000
26 72 71 15.00 219.86 11.22 66.16 31.14 5000
26 76 75 18.35 233.03 9.71 86.91 38.40 7000
26 492 491 77.15 2001.63 221.83 534.79 183.15 3000
26 74 73 12.63 239.89 15.31 67.27 30.85 4000
26 143 142 20.89 552.64 53.27 138.11 60.60 4000
27 314 313 63.13 1365.19 133.29 291.66 122.32 18000
27 459 458 73.19 2001.19 230.45 418.56 131.64 10000
27 459 458 66.72 2001.27 240.16 414.57 109.56 0
27 444 443 89.92 2004.27 213.50 399.35 158.28 25000
27 84 83 15.10 292.71 19.67 81.45 48.50 8000
28 227 226 39.57 955.97 97.67 194.66 89.18 6000
28 77 76 16.99 243.11 11.97 78.92 49.27 13000
28 164 163 41.86 681.18 51.09 152.14 92.31 20000
28 475 474 82.44 1977.08 207.68 451.38 163.02 11000
28 411 410 66.38 1746.38 187.94 401.54 108.03 7000
28 77 76 14.37 255.15 15.62 73.71 41.63 5000
28 141 140 28.42 592.33 53.25 106.35 38.28 12000
28 213 212 34.75 932.81 95.81 196.18 74.52 13000
29 437 436 97.73 2000.43 208.48 385.79 159.21 39000
29 150 149 23.11 549.36 51.85 131.06 47.96 4000
29 135 134 23.68 519.05 45.32 117.46 61.53 10000
29 137 136 24.51 605.36 59.05 100.91 42.02 6000
29 442 441 69.04 2003.69 235.65 399.64 123.91 6000
29 35 34 5.86 67.48 -3.65 24.60 25.32 3000
29 133 132 22.53 516.23 47.16 101.84 45.09 10000
29 444 443 77.15 1924.99 198.27 457.84 166.41 16000
30 430 429 79.64 2000.02 224.25 369.76 126.05 25000
30 99 98 25.79 363.87 22.21 84.20 38.23 17000
30 284 283 47.02 1176.52 122.62 257.38 108.93 11000
30 445 444 67.23 2002.09 235.86 396.37 138.52 0
30 43 42 10.03 124.62 0.97 28.24 18.09 6000
30 455 454 75.95 2002.18 229.50 398.11 115.16 15000
30 102 101 16.89 370.41 31.05 91.34 43.65 5000
30 154 153 26.38 617.28 54.99 148.70 75.41 9000
31 130 129 25.89 461.31 36.97 126.39 68.16 11000
31 165 164 28.45 645.45 56.55 179.02 81.24 6000
31 132 131 19.51 491.88 46.35 111.27 48.52 6000
31 450 449 66.62 2002.32 238.87 386.32 106.46 9000
31 97 96 18.17 370.71 28.99 91.24 52.63 11000
31 62 61 11.50 165.34 7.03 48.91 24.29 5000
31 315 314 46.63 1442.18 165.61 248.55 98.29 10000
31 347 346 50.13 1531.43 172.25 295.60 96.48 8000
32 394 393 51.51 1628.06 177.15 425.25 151.97 4000
32 80 79 12.95 276.59 17.76 90.49 61.77 4000
32 253 252 59.74 1107.82 91.36 283.38 160.82 27000
32 478 477 59.96 2000.24 239.29 477.11 111.89 3000
32 413 412 64.41 1779.78 188.17 422.55 144.13 12000
32 300 299 39.27 1191.67 128.55 319.13 102.32 4000
32 52 51 7.31 137.01 3.43 56.57 36.57 3000
32 60 59 14.85 181.29 4.11 52.47 23.77 8000
33 134 133 19.84 463.97 38.93 144.14 50.74 6000
33 216 215 34.17 891.65 92.23 197.73 77.13 10000
33 63 62 11.85 184.74 8.33 54.36 21.55 6000
33 469 468 71.94 2004.37 228.10 456.58 149.64 18000
33 384 383 100.40 1619.93 134.35 411.91 199.14 41000
33 468 467 62.18 2002.68 240.66 454.81 125.77 3000
33 54 53 9.65 143.89 3.96 44.35 20.63 6000
34 475 474 70.64 2000.73 229.05 461.61 152.49 10000
34 439 438 66.17 1837.15 199.29 432.10 161.06 12000
34 210 209 39.28 840.96 77.46 215.46 94.20 16000
34 229 228 34.51 904.59 90.56 233.82 81.69 3000
34 475 474 61.38 2002.84 239.79 458.55 129.00 1000
34 173 172 28.74 564.66 48.65 188.03 74.04 6000
35 502 501 69.14 2002.88 233.23 499.98 139.43 10000
35 474 473 65.41 2002.11 233.60 474.21 155.93 8000
35 212 211 36.13 957.98 97.67 181.14 59.15 5000
35 238 237 34.25 1074.06 118.56 198.91 72.62 3000
35 456 455 71.46 1878.48 201.87 448.47 149.24 15000
36 251 250 40.29 1064.61 110.68 234.05 78.11 10000
36 214 213 29.78 836.56 84.74 226.53 85.68 3000
36 89 88 11.95 324.00 27.92 76.95 58.10 4000
36 355 354 66.75 1507.50 147.54 377.18 146.04 27000
36 73 72 12.93 234.82 15.19 57.11 25.11 5000
36 76 75 11.82 273.28 19.54 70.98 60.73 4000
36 455 454 79.59 2000.22 217.53 454.77 144.57 24000
36 374 373 65.19 1651.30 175.99 338.92 116.30 15000
37 220 219 41.16 868.83 79.40 252.91 98.53 12000
37 123 122 18.10 507.05 50.09 94.46 48.64 5000
37 66 65 18.09 218.59 7.31 62.46 32.51 12000
37 466 465 76.31 2002.46 223.55 473.24 161.65 15000
37 305 304 59.51 1351.49 130.19 323.13 150.55 15000
37 441 440 78.44 1982.36 211.48 413.95 147.94 14000
38 469 468 72.08 2001.55 230.70 459.33 146.35 2000
38 462 461 72.02 2001.83 236.22 402.53 125.42 0
38 99 98 15.32 335.68 27.10 88.48 32.80 6000
38 217 216 41.60 918.57 86.89 215.22 108.96 14000
38 81 80 23.19 278.15 13.38 69.42 38.99 12000
38 348 347 68.54 1476.99 146.41 342.68 155.05 14000
38 226 225 36.00 986.10 105.87 181.86 76.67 4000
38 83 82 14.80 286.28 20.41 83.05 48.44 7000
38 62 61 11.16 162.60 4.93 49.28 19.22 5000
39 297 296 46.40 1283.05 141.26 243.93 73.53 12000
39 131 130 24.29 559.78 52.29 97.92 42.88 5000
39 483 482 78.87 2001.02 221.94 472.72 145.96 12000
39 101 100 21.40 394.53 28.82 100.19 50.35 9000
39 160 159 39.18 666.02 51.96 138.20 84.63 21000
39 262 261 44.34 1082.71 112.32 231.28 96.05 18000
39 451 450 71.30 2001.68 234.80 385.40 143.82 7000
40 473 472 84.73 2005.51 223.27 437.92 111.35 20000
40 371 370 72.03 1559.63 158.24 344.64 114.13 10000
40 380 379 79.50 1729.78 173.32 341.98 146.91 30000
40 225 224 37.97 973.09 100.27 194.17 75.92 3000
40 137 136 23.25 492.14 43.05 119.61 46.45 6000
40 83 82 20.54 268.39 12.15 83.79 33.87 14000
40 139 138 39.23 522.17 32.35 142.61 80.82 22000
41 437 436 79.15 2000.17 228.74 349.37 117.00 12000
41 99 98 15.88 327.32 27.75 75.49 36.56 4000
41 198 197 32.18 876.43 93.60 156.11 61.63 6000
41 136 135 20.26 502.77 47.48 117.21 55.90 4000
41 214 213 37.36 885.29 87.11 196.16 72.05 11000
41 451 450 72.15 2002.87 237.16 376.13 99.81 7000
41 45 44 7.14 120.70 2.96 28.41 20.33 3000
41 430 429 87.68 2002.44 216.65 378.73 140.66 26000
42 85 84 16.03 326.04 24.92 72.35 44.90 6000
42 414 413 68.82 2001.89 235.39 331.93 78.92 10000
42 133 132 26.92 520.52 43.04 105.79 55.62 12000
42 197 196 34.55 904.31 93.22 157.50 65.78 9000
42 417 416 112.18 1818.48 165.42 384.32 232.30 47000
42 45 44 8.03 100.31 -0.62 41.44 38.07 4000
42 346 345 76.31 1572.08 155.33 306.95 120.66 34000
42 78 77 15.33 294.22 20.44 52.48 26.45 12000
42 280 279 46.97 1255.98 135.09 233.88 93.06 9000
43 445 444 85.11 2003.29 222.62 357.88 162.42 29000
43 228 227 35.90 1013.66 108.86 179.73 83.08 8000
43 449 448 80.30 2001.33 229.26 358.02 116.34 13000
43 318 317 58.15 1417.92 148.23 257.56 93.21 11000
43 63 62 8.32 209.12 15.03 37.03 15.17 3000
43 70 69 10.11 245.90 18.01 47.59 19.09 4000
43 86 85 16.20 355.68 27.59 70.29 51.39 7000
43 172 171 29.45 740.81 74.17 122.86 33.78 14000
43 202 201 32.76 920.39 95.66 164.53 69.54 6000
44 190 189 44.64 795.03 69.08 173.18 83.56 16000
44 451 450 97.68 2001.99 209.68 375.98 155.57 26000
44 308 307 67.63 1358.62 130.01 270.96 115.10 27000
44 440 439 96.13 2004.21 207.67 389.01 164.42 35000
44 325 324 67.13 1384.77 133.27 292.00 124.71 25000
44 288 287 67.57 1210.20 105.36 273.12 106.61 26000
45 242 241 46.94 1068.04 105.96 193.72 77.99 11000
45 202 201 36.37 910.81 92.23 150.09 69.55 13000
45 268 267 54.07 1233.32 124.47 197.59 88.48 13000
45 290 289 69.03 1252.49 117.27 238.07 89.43 30000
45 417 416 80.61 2004.04 228.24 298.57 104.05 23000
45 441 440 80.20 2003.29 227.34 346.74 102.08 22000
46 418 417 86.12 2002.17 222.05 311.68 100.95 24000
46 428 427 99.91 2000.65 212.31 332.20 144.44 33000
46 214 213 40.37 996.42 102.08 158.19 58.26 9000
46 344 343 69.45 1496.21 152.18 275.80 115.22 16000
46 449 448 94.54 2004.19 214.90 348.31 137.54 36000
47 425 424 101.56 2004.71 212.12 313.23 155.36 47000
47 96 95 21.07 359.43 24.82 77.41 50.15 10000
47 285 284 56.98 1178.96 120.64 220.85 95.09 9000
47 178 177 43.38 835.65 73.23 135.13 59.96 18000
47 211 210 50.95 949.30 87.05 152.65 77.51 24000
47 132 131 25.88 555.91 49.13 103.98 52.55 10000
47 282 281 65.59 1252.00 119.93 211.03 95.55 14000
48 202 201 42.11 900.59 85.66 160.84 83.96 16000
48 447 446 111.80 2004.50 199.80 371.62 121.22 46000
48 267 266 59.48 1271.90 123.05 223.20 116.20 15000
48 438 437 104.45 2001.44 201.15 373.04 139.23 37000
48 30 29 8.08 72.22 -5.88 20.82 16.97 5000
48 431 430 108.31 2001.54 198.17 360.75 132.12 43000
49 428 427 90.80 2000.31 209.26 391.44 144.85 23000
49 282 281 75.10 1339.25 119.88 234.33 120.95 55000
49 225 224 53.45 1000.66 89.59 183.99 63.26 26000
49 78 77 13.09 307.93 22.68 62.12 34.76 3000
49 230 229 56.47 1033.50 89.94 193.14 111.09 21000
49 265 264 70.15 1172.96 96.12 244.85 117.16 38000
49 408 407 82.26 2004.87 227.70 287.66 96.12 18000
49 80 79 14.71 262.79 16.70 69.41 41.79 4000
50 157 156 31.43 748.86 71.90 114.00 58.62 7000
50 139 138 37.06 562.04 44.35 94.92 50.38 17000
50 258 257 67.84 1220.58 111.37 182.43 106.22 28000
50 319 318 89.93 1464.02 123.84 249.51 103.62 48000
50 73 72 13.84 281.21 18.86 52.13 33.82 7000
50 268 267 79.77 1225.81 96.79 208.17 117.27 52000
50 398 397 103.90 2003.20 202.63 285.12 127.39 42000
50 236 235 62.95 999.04 84.69 181.27 100.08 28000
51 408 407 117.32 2000.51 187.65 314.71 143.94 69000
51 169 168 55.80 776.91 51.43 135.95 65.42 36000
51 69 68 15.87 286.45 17.80 47.90 31.44 5000
51 119 118 33.62 515.62 36.50 85.42 44.78 20000
51 89 88 20.15 374.90 28.04 60.04 28.72 9000
51 342 341 99.34 1637.90 142.20 250.10 90.56 64000
51 77 76 18.38 340.54 22.89 51.64 34.90 13000
51 145 144 37.90 678.18 56.68 99.84 44.24 16000
51 69 68 10.06 282.09 23.92 42.85 21.95 3000
51 84 83 30.58 357.95 12.39 57.40 42.58 23000
51 215 214 56.13 1063.56 94.13 155.93 83.30 28000
51 72 71 23.51 290.76 12.95 47.30 36.88 16000
51 129 128 36.07 615.87 46.27 87.63 49.43 15000
52 83 82 19.79 361.71 26.20 53.01 23.56 9000
52 417 416 131.79 1937.51 158.03 333.25 145.43 85000
52 91 90 24.91 376.71 22.84 64.79 22.53 13000
52 192 191 50.40 918.23 79.52 136.08 93.53 23000
52 78 77 22.98 340.11 16.88 51.30 30.79 14000
52 83 82 24.52 347.28 17.70 60.71 33.25 13000
52 263 262 59.71 1297.60 126.97 184.73 83.44 22000
52 119 118 31.09 550.18 41.95 78.02 52.95 19000
52 228 227 61.82 1091.78 95.33 164.53 74.01 24000
52 63 62 10.52 249.80 17.39 41.71 20.96 4000
52 320 319 97.31 1546.48 132.56 227.32 109.44 74000
53 175 174 62.65 836.32 56.01 136.61 81.53 39000
53 267 266 89.59 1271.28 91.80 225.48 121.17 56000
53 72 71 11.93 320.07 27.33 50.08 26.87 4000
53 154 153 48.82 691.13 44.29 130.94 58.96 37000
53 140 139 38.22 632.20 49.69 107.06 59.78 22000
53 140 139 39.19 585.29 42.59 116.98 66.01 11000
53 135 134 47.69 577.40 32.50 112.48 86.00 40000
53 73 72 16.07 305.42 19.89 59.31 37.80 4000
53 140 139 45.31 603.91 39.39 118.61 66.44 25000
53 420 419 145.75 2002.12 163.40 356.73 152.81 105000
54 78 77 15.84 339.85 24.37 66.63 34.10 3000
54 88 87 38.96 345.12 10.74 73.27 28.81 29000
54 73 72 21.84 320.89 17.06 58.81 31.03 13000
54 138 137 56.33 603.44 29.85 112.02 75.52 44000
54 415 414 190.89 2002.07 126.55 345.41 136.36 170000
54 417 416 177.84 2004.86 133.28 365.86 164.88 177000
54 422 421 185.67 1951.98 112.34 353.92 219.26 154000
54 355 354 176.75 1624.83 71.47 323.07 146.74 171000
55 219 218 81.86 1038.93 63.83 187.24 118.25 57000
55 68 67 18.99 270.04 10.42 45.48 38.13 12000
55 135 134 42.17 609.69 41.91 108.91 58.84 24000
55 65 64 18.16 261.00 14.09 41.29 29.12 13000
55 75 74 18.75 308.03 16.85 59.58 43.20 9000
55 157 156 50.36 658.85 43.10 143.46 68.88 32000
55 63 62 18.38 218.46 7.22 43.26 25.44 11000
55 151 150 40.81 677.24 53.10 121.83 64.71 29000
55 214 213 60.05 1033.12 85.33 173.86 79.46 34000
55 77 76 21.93 345.63 19.27 55.76 41.75 18000
55 115 114 30.81 510.85 36.25 90.31 44.20 12000
55 422 421 153.90 2004.93 159.98 350.34 139.42 120000
55 159 158 50.32 691.08 48.86 131.68 62.43 37000
56 192 191 55.90 869.15 66.24 176.64 61.36 31000
56 202 201 55.80 963.16 78.95 176.80 96.79 22000
56 419 418 134.38 2001.24 169.59 394.99 158.18 82000
56 160 159 64.22 657.39 28.44 167.12 79.40 54000
56 71 70 20.66 259.68 9.21 70.87 42.32 11000
56 439 438 171.99 2000.79 139.10 431.89 173.76 133000
56 149 148 63.91 620.63 24.56 152.92 80.79 44000
56 376 375 147.22 1777.46 113.59 377.89 143.63 118000
57 43 42 8.58 130.20 2.49 37.72 31.25 2000
57 139 138 41.60 599.82 42.19 124.59 61.06 20000
57 64 63 11.62 260.16 16.94 56.30 34.95 3000
57 404 403 126.64 1854.19 147.71 392.28 182.11 74000
57 36 35 8.27 107.55 -1.53 25.56 22.74 6000
57 243 242 70.61 1158.83 94.53 224.07 76.73 45000
57 74 73 20.65 298.72 16.63 58.00 34.30 11000
57 202 201 65.10 908.88 65.29 178.39 81.64 32000
57 88 87 14.92 393.57 35.09 68.90 45.03 4000
57 119 118 29.28 490.55 36.25 104.73 52.74 7000
57 139 138 41.86 589.69 39.98 132.65 52.87 22000
57 67 66 19.51 234.04 8.48 54.06 29.53 7000
57 427 426 124.71 2000.07 184.91 365.18 147.32 63000
58 403 402 121.23 2004.30 185.96 336.32 118.74 85000
58 136 135 38.31 633.51 48.29 117.98 56.89 22000
58 66 65 18.89 289.27 12.80 62.05 43.90 11000
58 276 275 83.17 1265.19 102.89 246.82 110.03 47000
58 74 73 19.29 318.57 16.72 74.50 44.00 11000
58 192 191 44.88 913.95 81.06 166.48 89.31 21000
58 407 406 124.64 1953.84 159.02 373.81 196.61 73000
58 177 176 35.35 870.02 81.67 154.38 94.85 9000
58 313 312 101.96 1470.10 111.90 288.60 145.67 61000
59 429 428 146.27 2000.67 167.00 402.78 141.93 111000
59 68 67 10.11 291.71 22.36 60.17 23.98 4000
59 74 73 17.70 295.78 17.87 66.23 28.52 4000
59 437 436 164.89 2003.78 148.42 423.05 150.90 127000
59 113 112 50.65 490.70 17.62 108.47 56.85 36000
59 210 209 63.94 1014.30 81.15 175.19 73.45 41000
59 80 79 14.61 334.06 26.29 67.91 32.66 4000
59 68 67 19.87 261.47 10.97 62.76 37.94 7000
59 139 138 41.29 626.03 43.60 128.15 67.04 27000
59 129 128 36.98 582.79 42.12 113.43 59.02 23000
59 119 118 28.39 540.01 44.17 98.17 55.16 12000
60 277 276 118.01 1196.42 68.78 260.72 100.35 94000
60 294 293 88.94 1379.34 110.59 261.74 107.43 42000
60 75 74 19.54 274.10 13.90 70.96 37.69 6000
60 128 127 49.19 567.20 24.72 127.48 84.53 31000
60 344 343 138.14 1562.62 100.03 315.95 133.85 117000
60 243 242 67.98 1177.56 100.60 217.15 102.92 30000
60 127 126 38.54 563.01 35.72 110.44 63.33 29000
60 207 206 62.78 971.35 74.14 178.33 88.86 36000
60 136 135 42.97 573.57 37.68 119.92 64.06 25000
60 199 198 64.10 871.17 61.28 188.34 87.92 35000
61 303 302 115.01 1430.67 95.02 289.95 138.11 93000
61 432 431 158.69 2000.09 161.44 380.86 164.64 120000
61 426 425 162.21 2002.54 157.16 384.13 120.61 152000
61 270 269 89.86 1326.29 103.50 234.81 102.99 72000
61 336 335 142.84 1573.56 94.14 301.46 166.19 125000
61 211 210 84.89 928.94 52.94 194.62 92.45 68000
62 78 77 14.14 316.85 23.51 70.35 35.83 4000
62 39 38 9.04 124.96 0.73 32.18 24.17 3000
62 278 277 107.74 1228.62 82.48 243.90 111.31 79000
62 255 254 88.01 1178.85 85.65 216.57 101.77 73000
62 231 230 87.59 1079.93 69.25 194.59 100.43 71000
62 275 274 96.05 1255.12 88.22 239.55 152.45 67000
62 424 423 179.19 2002.93 141.76 357.06 135.66 119000
62 223 222 81.09 964.12 59.55 209.73 104.17 43000
62 209 208 74.00 976.63 66.86 176.85 114.78 53000
63 282 281 95.03 1237.48 88.53 275.48 85.51 57000
63 137 136 39.68 609.56 41.55 127.98 72.37 25000
63 209 208 69.97 961.85 69.57 183.24 80.85 55000
63 83 82 19.02 359.62 24.26 76.80 48.60 10000
63 69 68 16.90 264.24 13.72 61.90 34.95 6000
63 387 386 134.25 1875.14 138.62 359.23 142.23 112000
63 66 65 14.42 281.17 17.54 58.30 26.45 6000
63 143 142 46.71 626.61 40.48 131.89 55.98 24000
63 381 380 127.86 1789.12 139.76 344.52 130.69 77000
63 68 67 16.08 292.41 18.23 58.43 35.49 9000
63 208 207 60.04 904.10 70.12 202.88 67.62 32000
64 77 76 11.98 343.17 28.54 65.56 25.40 4000
64 167 166 57.61 788.76 51.88 155.35 69.33 33000
64 137 136 35.34 610.45 47.33 129.64 61.37 19000
64 130 129 39.27 570.51 39.62 110.93 63.18 21000
64 424 423 136.07 2002.79 169.38 408.97 179.94 85000
64 120 119 31.20 523.53 36.60 114.35 59.82 19000
64 283 282 84.86 1379.88 112.93 250.70 132.82 36000
64 425 424 133.21 2003.00 176.27 387.42 161.36 72000
64 154 153 41.11 727.11 59.32 131.69 58.55 21000
65 283 282 72.62 1329.00 113.63 268.50 89.96 30000
65 246 245 75.03 1098.27 85.65 226.09 94.32 48000
65 249 248 65.03 1188.16 106.16 221.94 74.51 31000
65 190 189 64.45 873.96 60.17 161.39 90.54 36000
65 341 340 94.88 1683.05 145.52 307.35 111.30 51000
65 128 127 29.01 606.66 52.72 104.25 52.33 12000
65 240 239 86.15 1168.44 75.81 220.65 100.79 60000
65 78 77 16.70 350.04 23.61 71.81 33.33 9000
65 130 129 33.23 595.14 48.05 112.50 56.63 19000
66 179 178 52.09 863.04 66.42 148.91 51.77 33000
66 128 127 34.58 613.25 43.50 120.09 47.45 20000
66 406 405 127.19 2004.79 174.66 359.52 146.09 80000
66 277 276 83.21 1324.88 107.71 245.05 91.78 52000
66 158 157 49.40 783.81 53.17 151.12 87.42 31000
66 406 405 151.65 2001.27 154.46 347.03 156.29 110000
66 411 410 139.65 2002.03 162.36 367.55 138.78 80000
67 404 403 146.58 2002.01 156.56 334.45 185.82 116000
67 399 398 139.63 2003.41 163.41 338.01 126.27 117000
67 92 91 29.06 436.28 25.91 66.61 33.03 19000
67 398 397 135.69 2001.44 163.22 327.80 145.39 79000
67 90 89 29.17 424.36 20.66 73.55 60.15 22000
67 395 394 131.19 2004.41 169.89 328.91 137.50 97000
67 194 193 64.46 965.28 70.02 171.68 100.58 43000
68 274 273 96.60 1411.17 102.64 215.72 105.23 61000
68 55 54 10.05 236.21 14.52 40.52 15.18 4000
68 379 378 112.39 1935.11 162.49 325.33 156.54 59000
68 131 130 48.61 632.64 37.04 101.88 62.13 29000
68 200 199 65.10 1016.84 78.46 142.94 92.75 39000
68 404 403 151.42 2000.33 150.89 337.90 162.32 108000
68 104 103 33.27 492.58 27.41 93.60 46.65 25000
68 145 144 63.26 709.89 28.46 131.89 92.15 48000
68 180 179 48.98 899.07 69.99 148.62 72.18 31000
68 81 80 30.97 378.11 11.08 72.73 51.32 21000
69 93 92 31.19 429.17 23.83 63.19 26.51 23000
69 251 250 85.80 1278.40 98.02 167.92 88.85 55000
69 395 394 138.48 2003.53 165.26 317.13 124.63 99000
69 206 205 68.06 1014.31 75.67 169.01 63.94 42000
69 127 126 33.49 610.48 47.58 97.72 57.20 9000
69 77 76 20.68 357.29 23.09 54.25 41.96 10000
69 392 391 133.98 2003.31 166.37 310.97 128.24 88000
69 78 77 18.91 364.36 27.25 48.59 19.63 7000
69 63 62 17.95 281.05 15.40 34.62 17.18 8000
69 148 147 42.49 702.27 54.70 117.45 64.47 21000
70 133 132 45.31 657.22 48.30 82.07 39.90 19000
70 127 126 44.36 578.75 33.59 95.01 45.55 26000
70 229 228 76.99 1177.76 88.60 174.83 102.41 45000
70 131 130 57.01 652.98 31.98 96.47 62.46 43000
70 77 76 32.19 358.36 12.70 57.63 53.17 30000
70 326 325 129.10 1691.75 113.65 237.97 120.61 93000
70 48 47 17.46 200.25 1.97 34.83 24.39 10000
70 34 33 20.15 121.94 -10.66 25.24 7.79 13000
70 339 338 122.25 1749.06 124.37 275.70 161.73 89000
70 316 315 116.14 1582.85 114.93 232.45 115.62 75000
70 129 128 58.82 618.66 24.13 100.81 70.15 52000
70 65 64 15.97 289.56 15.99 49.88 36.79 4000
71 187 186 51.77 918.35 79.29 128.46 57.74 27000
71 340 339 91.46 1713.90 150.44 280.81 131.96 48000
71 350 349 114.29 1804.01 147.78 254.77 114.96 70000
71 127 126 24.84 606.68 55.81 97.54 46.10 4000
71 208 207 60.29 1052.59 86.38 152.06 90.83 28000
71 149 148 39.62 727.05 60.11 101.75 47.79 18000
71 396 395 129.07 2003.54 171.95 307.00 121.05 74000
71 244 243 82.96 1237.37 89.49 186.30 112.71 44000
72 73 72 14.18 338.93 24.36 56.45 44.11 7000
72 212 211 56.63 1071.28 95.81 155.13 63.43 20000
72 389 388 100.50 2002.80 201.16 301.62 115.39 40000
72 91 90 18.31 424.72 34.08 67.75 37.33 6000
72 365 364 99.40 1867.26 167.92 295.46 173.06 36000
72 395 394 107.84 2003.72 191.14 311.35 124.17 50000
72 211 210 47.08 1054.39 101.84 158.13 78.35 24000
73 339 338 105.26 1704.85 141.39 264.04 106.08 62000
73 193 192 40.46 954.05 90.46 154.90 70.44 17000
73 204 203 63.52 1021.82 80.12 157.87 75.61 25000
73 391 390 103.63 2005.56 188.10 334.40 125.81 50000
73 351 350 76.46 1812.46 180.92 273.46 125.00 28000
73 376 375 101.34 1950.77 178.38 290.99 127.89 49000
74 216 215 55.81 1081.17 97.77 163.41 52.63 26000
74 265 264 67.54 1322.20 116.49 222.88 101.69 29000
74 68 67 12.29 302.64 22.96 50.43 29.55 4000
74 399 398 107.91 2001.13 186.33 341.91 123.00 57000
74 77 76 14.89 338.36 21.06 60.05 53.00 3000
74 131 130 42.75 627.15 39.53 103.11 54.29 22000
74 124 123 26.63 601.28 50.54 97.04 56.44 10000
74 70 69 13.73 320.03 25.52 47.55 19.11 6000
74 79 78 16.63 347.78 23.50 65.60 36.89 7000
74 81 80 13.24 381.47 33.66 63.52 32.09 4000
74 158 157 42.89 753.32 58.40 130.70 63.03 20000
74 73 72 15.65 317.92 20.05 61.41 34.98 11000
74 79 78 17.30 363.01 25.59 68.41 32.04 7000
74 50 49 10.52 212.84 10.16 42.68 24.29 4000
74 141 140 34.62 693.48 55.36 113.96 67.12 18000
75 117 116 26.78 557.66 46.31 90.29 27.88 13000
75 218 217 63.64 1026.83 75.09 180.69 65.00 40000
75 390 389 116.63 2000.27 182.54 305.97 105.93 78000
75 390 389 123.12 2004.54 180.06 285.63 119.52 78000
75 212 211 52.93 1090.51 96.54 151.27 86.48 24000
75 386 385 115.33 1976.12 163.79 304.13 133.92 70000
75 283 282 80.02 1421.96 121.24 210.18 95.93 43000
76 80 79 15.03 371.89 29.37 60.88 35.31 5000
76 66 65 11.71 299.56 23.98 39.73 21.93 5000
76 272 271 65.75 1411.31 134.52 186.85 97.00 26000
76 246 245 52.74 1265.51 126.16 169.59 81.54 18000
76 75 74 17.18 328.10 21.63 49.05 21.68 7000
76 274 273 79.25 1411.92 120.92 193.27 93.22 46000
76 80 79 24.68 375.54 19.86 60.59 40.86 13000
76 389 388 106.78 2001.03 195.65 283.20 111.04 60000
76 188 187 57.16 946.05 72.07 147.42 59.80 38000
76 224 223 58.60 1140.49 97.64 170.97 84.62 27000
77 391 390 99.06 2000.56 200.81 287.40 131.71 46000
77 209 208 62.05 1028.27 81.07 159.16 85.86 37000
77 122 121 27.77 590.66 51.30 84.02 43.51 7000
77 388 387 104.75 2001.31 192.04 279.55 136.45 53000
77 27 26 6.41 75.19 -5.51 20.93 13.51 4000
77 129 128 32.18 600.49 37.75 91.94 47.81 14000
77 68 67 12.46 302.90 22.14 45.29 27.69 4000
77 204 203 56.41 1028.93 84.70 138.18 72.15 30000
77 70 69 16.33 300.80 17.80 48.30 38.57 5000
77 352 351 111.84 1767.09 138.45 275.37 139.45 74000
77 29 28 7.58 94.43 -3.55 18.64 16.12 3000
78 287 286 88.18 1425.81 113.60 227.67 69.68 51000
78 156 155 41.64 744.13 58.49 117.52 61.53 21000
78 57 56 11.32 247.31 16.40 32.59 18.52 5000
78 231 230 66.67 1165.96 95.58 171.57 95.00 42000
78 110 109 32.07 526.46 37.06 66.72 40.53 19000
78 69 68 16.43 293.90 17.48 46.35 34.57 6000
78 393 392 133.67 2004.05 156.85 305.32 120.53 79000
78 113 112 31.44 535.63 37.65 82.73 53.45 17000
78 234 233 66.16 1172.16 95.74 180.30 90.31 36000
78 260 259 68.63 1312.95 121.37 182.76 82.67 31000
78 73 72 13.22 334.74 26.55 49.46 25.86 4000
79 130 129 38.29 630.51 46.30 103.41 45.52 14000
79 88 87 21.21 417.75 28.86 70.60 42.02 10000
79 68 67 13.52 303.71 22.82 43.69 22.51 4000
79 154 153 42.75 766.10 61.44 102.84 63.11 20000
79 398 397 104.54 2003.06 191.49 325.78 124.83 44000
79 396 395 129.44 2004.52 160.83 313.48 145.59 72000
79 32 31 10.13 111.43 -3.02 22.86 7.13 4000
79 259 258 60.74 1335.33 125.55 199.84 82.01 19000
79 78 77 15.95 356.66 27.33 57.25 20.38 8000
79 85 84 19.90 400.87 29.89 67.33 40.17 11000
79 79 78 18.47 358.20 22.41 77.86 39.42 6000
80 386 385 91.44 2001.13 198.98 312.27 111.63 46000
80 75 74 11.70 344.26 28.55 57.98 35.94 3000
80 69 68 14.91 308.84 20.29 55.39 32.06 7000
80 138 137 39.17 684.35 51.86 93.50 52.60 20000
80 56 55 10.50 242.13 15.23 46.91 17.89 5000
80 397 396 109.87 2003.85 181.64 329.84 129.96 63000
80 210 209 53.71 1050.39 87.24 170.10 85.93 22000
80 78 77 16.43 362.98 26.88 54.81 38.74 8000
80 293 292 75.62 1475.42 131.04 248.34 100.10 31000
80 137 136 28.58 665.51 58.81 113.09 57.07 7000
80 199 198 51.23 1000.24 85.58 157.91 66.05 19000
81 199 198 50.00 935.30 79.50 169.34 72.35 29000
81 391 390 86.04 2002.85 211.20 316.50 118.28 27000
81 211 210 58.57 1065.95 89.94 156.97 75.62 35000
81 41 40 9.97 161.18 2.85 37.94 25.97 4000
81 201 200 53.66 994.64 82.87 172.61 65.41 27000
81 264 263 65.21 1311.05 115.98 225.64 71.81 29000
81 45 44 14.90 178.96 -1.21 40.57 33.58 12000
81 68 67 15.77 302.17 18.84 53.22 31.08 5000
81 65 64 16.97 285.25 15.84 47.10 30.50 6000
81 128 127 25.28 613.76 56.36 106.25 41.50 6000
81 71 70 14.73 325.08 22.11 54.24 38.52 5000
81 68 67 11.82 304.88 24.09 47.47 24.61 4000
81 249 248 53.97 1205.38 112.56 209.81 73.12 20000
