0 29 29 9.89 37.44 -1.94 7.38 26.18 300
1 53 82 13.04 79.25 655.62 11.88 2.53 800
2 138 220 28.17 378.25 4363.48 29.48 24.78 1000
3 141 361 53.74 370.42 2737.73 28.76 28.47 2700
4 77 438 13.57 147.28 1708.85 13.75 15.28 400
5 131 569 26.23 384.42 4364.25 31.03 30.38 900
6 79 648 51.40 285.61 330.57 67.67 66.25 4400
7 77 725 56.17 358.68 154.48 71.42 65.15 5300
8 42 767 27.35 103.48 -160.16 36.75 41.22 2300
9 69 836 13.33 131.03 1564.49 21.10 15.88 400
10 80 916 8.82 190.40 2469.64 17.75 12.55 300
11 75 991 9.21 209.15 2680.43 18.68 15.13 300
12 67 1058 11.07 188.61 2267.41 13.88 9.76 400
13 75 1133 13.79 239.28 2802.66 17.38 11.94 300
14 68 1201 18.35 265.11 2547.54 20.83 18.94 300
15 75 1276 21.24 311.89 2960.40 24.15 25.79 300
16 72 1348 26.74 322.31 2591.94 27.51 24.62 700
17 75 1423 20.34 336.13 3415.48 26.22 19.66 300
18 77 1500 29.31 351.16 2919.19 28.77 24.99 400
19 68 1568 24.39 303.63 2582.08 23.88 22.51 600
20 75 1643 23.63 339.76 3316.40 22.20 17.86 400
21 210 1853 62.18 1081.30 11170.21 66.93 64.85 1900
22 79 1932 17.97 361.69 4122.97 26.61 29.04 200
23 155 2087 43.16 783.34 8365.66 49.55 44.84 1000
24 379 2466 113.80 2003.30 20661.58 120.51 71.60 3300
25 62 2528 11.82 270.42 3130.47 22.84 25.53 300
26 376 2904 85.02 2000.25 24207.61 99.24 60.33 1900
27 101 3005 24.39 482.32 5306.30 33.14 24.79 800
28 155 3160 23.90 792.92 10516.07 45.85 38.32 300
29 376 3536 70.42 2004.08 25566.99 119.59 90.34 1400
30 379 3915 68.61 2003.47 25505.86 136.10 75.96 1400
31 90 4005 16.04 410.84 5002.33 36.20 25.45 400
32 157 4162 20.91 787.25 10645.97 59.70 46.40 300
33 282 4444 49.21 1472.07 18994.33 101.03 58.69 300
34 377 4821 47.21 2002.36 27779.55 145.43 79.36 0
35 36 4857 6.03 118.97 1246.13 13.81 10.30 300
36 77 4934 10.83 343.38 4436.44 31.52 22.04 300
37 378 5312 61.09 2003.96 26446.76 145.39 72.65 1000
38 144 5456 21.12 722.55 9559.07 57.38 36.47 300
39 243 5699 30.53 1267.03 17559.77 91.55 47.56 400
40 375 6074 48.01 2003.24 28127.04 137.25 61.91 0
41 362 6436 59.02 1919.24 24906.05 158.64 76.93 500
42 375 6811 47.48 2003.09 28145.18 137.64 62.99 0
43 259 7070 40.15 1357.34 17799.11 113.27 66.47 400
44 202 7272 30.57 1032.60 13606.49 82.20 44.84 400
45 377 7649 58.80 2001.42 26672.90 156.32 69.48 0
46 376 8025 54.91 2002.61 27124.12 157.74 67.67 0
47 377 8402 66.51 2000.20 25706.56 163.47 71.28 0
48 113 8515 20.29 538.52 6622.83 55.51 32.61 300
49 121 8636 18.90 582.66 7445.11 55.52 32.19 300
50 377 9013 70.20 2000.35 25347.99 165.76 82.16 0
51 87 9100 18.93 387.19 4361.46 43.74 29.62 300
52 343 9443 57.06 1814.17 23646.93 151.49 83.03 300
53 91 9534 17.25 420.59 5144.42 35.59 24.97 300
54 256 9790 52.36 1337.75 16461.99 105.81 56.35 400
55 214 10004 33.23 1103.36 14592.97 89.03 53.08 400
56 66 10070 12.06 291.54 3432.57 30.21 25.91 400
57 92 10162 13.30 425.76 5568.70 42.12 25.19 300
58 377 10539 66.47 2003.59 25932.69 155.66 88.43 0
59 45 10584 11.14 167.87 1566.30 20.64 11.90 500
60 321 10905 57.80 1692.31 21575.91 138.45 89.94 400
61 349 11254 62.96 1851.47 23866.70 136.50 67.66 300
62 81 11335 15.96 362.24 4153.27 42.32 30.26 200
63 281 11616 55.61 1467.59 17977.60 127.56 69.75 300
64 77 11693 12.77 345.38 4190.07 41.07 27.95 300
65 307 12000 59.26 1613.96 20199.17 131.85 72.06 200
66 377 12377 76.53 2003.28 24730.42 161.11 75.80 500
67 165 12542 31.83 831.46 10182.82 80.25 51.46 300
68 234 12776 52.97 1207.78 13949.03 116.96 76.12 300
69 84 12860 14.86 387.73 4698.26 43.31 26.12 300
70 188 13048 36.87 956.85 11595.97 91.69 52.62 300
71 152 13200 31.69 766.87 9236.12 61.63 37.42 300
72 379 13579 73.70 2003.44 25046.93 174.21 82.15 0
73 357 13936 74.33 1895.43 23130.97 149.90 68.78 300
74 90 14026 21.46 418.13 4501.78 43.07 26.03 300
75 257 14283 49.35 1336.20 16520.40 123.24 60.76 300
76 74 14357 15.23 324.56 3737.33 38.56 29.60 300
77 85 14442 14.35 395.05 4869.62 47.70 28.01 300
78 50 14492 10.28 207.12 2263.54 26.39 24.48 300
79 177 14669 37.60 896.87 10668.91 80.99 46.41 300
80 43 14712 11.05 164.04 1525.41 19.81 12.18 300
81 329 15041 72.37 1733.81 20537.77 159.53 84.51 300
82 295 15336 58.42 1532.73 18910.94 135.69 65.62 200
83 147 15483 28.14 733.76 8934.56 73.68 46.42 300
84 77 15560 18.24 349.14 3839.51 37.36 22.28 300
85 377 15937 65.50 2001.03 25928.03 163.01 88.71 0
86 106 16043 18.24 508.30 6304.42 50.52 23.99 300
87 377 16420 69.97 2002.58 24950.33 188.84 88.38 0
88 239 16659 42.23 1244.04 15860.59 102.74 47.75 300
89 221 16880 40.27 1148.32 14381.18 101.25 58.15 300
90 70 16950 11.72 315.95 3885.14 31.03 21.17 300
91 377 17327 64.88 2003.89 25530.44 184.53 78.48 0
92 68 17395 11.28 302.15 3610.85 39.52 16.58 300
93 76 17471 12.41 337.81 4015.88 42.00 23.78 300
94 376 17847 67.61 2000.99 25199.52 182.59 84.76 0
95 99 17946 16.94 464.64 5709.39 43.13 26.54 200
96 76 18022 11.15 337.23 4232.80 38.24 21.90 300
97 155 18177 21.47 777.62 10198.34 79.48 45.61 300
98 68 18245 13.81 291.89 3119.98 38.21 22.23 400
99 377 18622 73.71 2004.76 24730.56 187.00 92.19 0
100 116 18738 24.64 561.79 6505.26 53.64 24.26 300
101 377 19115 75.53 2001.26 24371.53 189.90 87.49 0
102 66 19181 10.33 283.80 3449.63 36.17 25.06 300
103 109 19290 23.86 518.07 5856.10 51.83 31.80 300
104 377 19667 66.52 2003.58 25514.60 171.80 85.29 0
105 230 19897 45.56 1186.68 14373.48 116.46 64.30 200
106 89 19986 22.36 411.37 4256.82 45.01 29.87 200
107 121 20107 21.32 592.62 7331.41 56.20 38.88 300
108 89 20196 14.01 409.91 5113.56 44.18 26.63 300
109 121 20317 24.48 589.96 6936.70 57.99 33.56 300
110 376 20693 70.93 2000.36 25311.32 164.69 78.46 0
111 377 21070 81.92 2002.68 24386.50 153.88 64.51 700
112 376 21446 83.34 2000.33 24141.29 161.51 79.94 0
113 76 21522 13.31 339.44 4114.29 33.85 23.02 200
114 77 21599 16.43 347.50 3949.51 35.51 26.05 300
115 93 21692 19.09 431.76 5014.44 45.89 30.28 300
116 94 21786 12.60 442.47 5877.57 41.58 25.39 200
117 373 22159 63.56 1983.59 25662.18 166.72 87.13 300
118 376 22535 65.80 2004.39 26194.09 153.35 79.29 300
119 55 22590 9.33 226.03 2690.87 25.60 17.94 300
120 162 22752 30.43 822.32 10222.14 70.57 36.26 200
121 293 23045 45.09 1541.25 20230.60 134.54 71.82 200
122 126 23171 16.25 609.51 7944.60 66.34 35.71 300
123 78 23249 12.50 359.22 4600.42 30.29 22.58 200
124 77 23326 10.98 346.64 4464.13 33.56 23.78 200
125 168 23494 29.15 851.03 10731.49 77.92 43.95 300
126 194 23688 42.89 993.09 11358.30 88.76 64.69 1000
127 86 23774 13.21 399.64 5082.17 39.62 24.33 200
128 344 24118 59.24 1818.26 23713.53 132.99 64.85 200
129 88 24206 12.64 410.05 5188.18 46.07 29.46 300
130 161 24367 23.93 814.21 10606.57 68.93 44.19 600
131 257 24624 36.44 1342.45 18079.51 105.87 54.82 300
132 310 24934 45.04 1623.08 21472.96 145.28 66.20 200
133 147 25081 24.33 729.82 9009.65 78.68 43.78 200
134 83 25164 11.18 379.89 4807.44 43.43 25.15 300
135 78 25242 16.24 346.68 3917.36 40.59 31.21 300
136 362 25604 61.45 1919.59 24850.97 155.33 79.92 600
137 80 25684 13.64 363.36 4454.71 36.04 27.05 300
138 74 25758 9.57 335.17 4240.54 39.61 25.94 300
139 376 26134 50.38 2003.09 26899.33 174.68 79.09 200
140 348 26482 47.98 1833.37 24475.84 172.16 86.87 200
141 379 26861 71.20 2005.20 24820.94 180.53 99.26 700
142 378 27239 58.24 2003.28 26402.64 176.29 72.66 0
143 162 27401 26.26 821.83 10440.01 75.30 35.62 400
144 77 27478 8.13 352.45 4845.20 34.16 23.57 200
145 93 27571 14.98 430.80 5426.70 40.89 29.59 300
146 87 27658 12.69 404.80 5191.87 44.98 27.37 200
147 201 27859 43.05 1029.80 12261.66 81.66 46.80 1300
148 89 27948 16.41 404.32 4665.62 45.17 27.60 300
149 376 28324 41.66 2003.49 28038.43 170.20 70.05 0
150 29 28353 6.57 80.82 651.03 16.08 14.92 300
151 377 28730 62.02 2000.74 26052.21 166.88 78.14 0
152 211 28941 33.82 1084.20 13979.15 89.59 48.97 300
153 198 29139 28.75 1013.57 13235.65 95.18 52.72 200
154 297 29436 45.44 1560.57 20408.52 125.92 57.03 600
155 239 29675 41.86 1246.01 15806.97 106.64 49.41 300
156 377 30052 58.38 2001.20 26424.16 164.14 80.81 0
157 375 30427 47.65 2000.20 27452.42 165.68 70.66 0
158 210 30637 28.67 1081.51 14257.56 99.59 52.49 300
159 376 31013 44.45 2001.69 27526.53 179.71 67.21 0
160 308 31321 42.60 1622.52 21644.52 146.67 67.22 400
161 242 31563 33.11 1252.01 16639.31 118.47 44.06 300
162 377 31940 49.62 2005.00 27053.10 180.07 79.16 0
163 227 32167 27.30 1179.45 15992.89 113.18 55.43 200
164 253 32420 33.82 1322.47 17823.99 114.85 51.25 500
165 376 32796 47.67 2002.82 27621.83 163.91 71.11 0
166 326 33122 40.78 1722.94 23644.78 138.54 68.04 500
167 376 33498 48.87 2000.23 26956.59 176.39 78.53 100
168 378 33876 50.12 2005.13 26943.08 175.57 76.91 300
169 376 34252 44.97 2001.08 27831.91 159.08 60.33 0
170 223 34475 33.51 1158.87 15113.48 99.73 59.26 400
171 379 34854 61.24 2000.16 25788.08 180.28 94.06 1000
172 249 35103 33.93 1290.31 17097.44 114.50 51.49 300
173 222 35325 40.71 1126.60 13848.56 109.21 56.67 300
174 171 35496 25.62 867.65 11129.20 83.76 41.69 300
175 206 35702 27.23 1053.74 14102.03 90.73 47.01 300
176 379 36081 62.60 2001.68 25429.92 177.49 101.02 1000
177 39 36120 6.10 131.87 1447.40 18.60 15.69 200
178 381 36501 60.23 2004.26 25993.08 175.82 72.39 0
179 108 36609 16.18 511.25 6485.61 51.45 28.54 300
180 134 36743 24.37 650.84 7854.20 64.25 37.50 600
181 137 36880 17.62 669.50 8897.49 66.28 33.00 200
182 381 37261 66.35 2004.03 25178.31 188.94 93.50 300
183 266 37527 45.49 1369.02 17212.97 131.85 77.50 700
184 382 37909 55.63 2003.98 26637.60 176.07 73.30 0
185 373 38282 70.08 1951.35 23751.42 196.68 117.69 600
186 78 38360 14.10 309.87 3587.60 41.87 31.68 300
187 158 38518 29.39 759.65 9085.91 85.17 44.47 300
188 80 38598 14.16 362.56 4316.90 38.56 28.49 300
189 109 38707 23.41 489.79 5507.57 60.70 41.59 300
190 252 38959 42.23 1279.07 16174.28 126.20 59.73 300
191 381 39340 53.17 2001.25 26701.95 175.37 82.36 0
192 365 39705 58.67 1923.13 24960.71 166.21 81.48 300
193 88 39793 14.41 401.97 5023.73 38.67 25.25 300
194 79 39872 14.45 351.58 4139.61 43.56 29.75 200
195 214 40086 33.19 1100.69 14323.69 97.81 56.63 300
196 378 40464 51.44 2004.10 26922.62 172.20 77.27 0
197 41 40505 7.24 137.38 1493.58 20.99 13.14 200
198 78 40583 12.98 345.81 4170.30 34.81 27.14 200
199 75 40658 10.55 336.39 4299.16 33.85 27.35 300
200 377 41035 51.42 2000.53 27173.44 159.15 62.16 0
201 46 41081 6.70 157.79 1831.47 26.85 22.84 300
202 78 41159 17.53 344.55 3712.58 37.64 21.30 500
203 85 41244 14.70 385.39 4789.63 34.29 22.37 300
204 379 41623 53.71 2002.65 26862.16 170.36 75.81 0
205 253 41876 49.79 1288.22 15812.45 113.76 49.28 300
206 266 42142 47.00 1381.52 17311.89 127.68 78.15 700
207 381 42523 66.71 2005.33 25734.26 176.83 83.29 800
208 106 42629 19.35 508.00 6283.58 48.81 25.15 300
209 148 42777 65.19 676.54 3108.42 96.50 61.20 3300
210 378 43155 52.74 2000.32 27195.45 165.86 69.90 0
211 330 43485 49.21 1722.34 22807.58 144.59 79.55 300
212 88 43573 17.46 402.97 4808.75 36.80 22.08 400
213 146 43719 22.45 711.89 9253.79 64.64 35.41 300
214 377 44096 47.88 2000.73 27595.18 161.27 64.07 0
215 106 44202 12.87 500.37 6664.72 55.30 35.78 200
216 295 44497 44.51 1543.58 20605.48 116.31 65.48 300
217 81 44578 10.59 371.78 4952.83 32.25 22.83 300
218 191 44769 25.51 973.24 13011.85 86.57 41.81 300
219 378 45147 48.62 2000.91 27619.85 148.58 77.33 100
220 189 45336 34.93 956.43 11867.54 82.22 36.41 300
221 237 45573 42.44 1222.66 15426.23 105.98 57.97 500
222 348 45921 50.34 1832.12 24513.71 145.97 83.47 300
223 79 46000 11.35 348.66 4457.60 34.08 21.67 300
224 379 46379 54.17 2004.52 27012.46 167.31 75.27 0
225 378 46757 48.00 2003.50 27826.82 156.89 58.89 0
226 378 47135 49.13 2003.68 27478.49 160.30 75.31 300
227 376 47511 48.91 2001.62 27354.57 163.32 66.01 200
228 141 47652 24.98 701.61 8731.45 60.58 40.29 300
229 379 48031 60.15 2001.75 26528.37 151.42 79.70 500
230 221 48252 33.37 1136.86 14846.46 101.90 59.11 300
231 379 48631 52.40 2002.63 27358.18 152.51 81.87 300
232 139 48770 19.40 682.59 9035.01 62.19 30.22 300
233 225 48995 33.89 1166.06 15461.98 95.61 55.81 800
234 143 49138 17.82 706.63 9473.04 71.66 46.25 300
235 379 49517 51.03 2001.10 27468.58 156.56 67.45 0
236 97 49614 17.15 434.18 5190.40 46.98 34.73 200
237 181 49795 24.31 906.85 12245.32 73.41 39.41 200
238 316 50111 43.21 1646.42 22479.55 126.59 64.99 200
239 159 50270 27.14 785.04 9879.02 69.47 48.71 300
240 376 50646 58.30 2000.26 26522.54 156.51 76.02 1300
241 113 50759 23.98 549.31 6294.60 54.15 34.92 700
242 70 50829 11.82 310.96 3790.71 29.18 23.85 300
243 379 51208 50.19 2003.25 27601.07 156.72 65.77 0
244 199 51407 30.89 1019.37 13487.06 78.76 38.56 300
245 379 51786 47.80 2001.02 27781.22 160.30 64.39 0
246 263 52049 31.91 1355.42 18781.16 110.71 57.38 300
247 379 52428 56.98 2002.26 26563.42 176.08 75.79 500
248 365 52793 51.13 1932.11 26000.14 160.94 87.41 300
249 378 53171 47.97 2002.84 27923.42 148.01 60.62 0
250 137 53308 20.71 666.99 8621.54 55.53 35.74 200
251 268 53576 48.72 1383.80 17403.32 115.51 61.04 300
252 147 53723 18.46 726.47 9820.16 65.61 37.28 400
253 176 53899 26.73 878.85 11481.74 77.68 42.85 300
254 379 54278 49.46 2001.92 27789.32 151.15 61.43 0
255 380 54658 60.91 2004.40 25941.63 174.82 95.66 1200
256 204 54862 27.70 1029.60 13956.34 80.82 48.57 200
257 377 55239 58.80 1981.48 26013.73 161.37 72.70 600
258 93 55332 15.85 432.09 5435.88 41.62 23.49 300
259 72 55404 12.65 303.49 3588.03 33.78 16.21 600
260 378 55782 53.38 1987.73 26863.13 161.09 62.18 300
261 145 55927 18.06 706.80 9564.90 62.23 29.04 200
262 79 56006 11.13 339.65 4199.77 40.47 29.95 200
263 156 56162 20.61 775.61 10463.24 62.12 41.77 200
264 381 56543 46.30 2003.15 27721.02 167.87 69.17 0
265 125 56668 15.92 600.63 8087.59 55.98 29.96 300
266 376 57044 39.70 2002.65 28676.48 151.48 57.58 0
267 160 57204 23.48 792.50 10297.93 75.33 36.46 300
268 143 57347 14.70 710.22 10094.41 55.40 29.06 200
269 379 57726 48.71 2000.15 27406.64 163.32 83.97 0
270 47 57773 7.55 176.28 2045.94 23.04 16.79 300
271 377 58150 43.64 2000.45 28191.55 152.28 58.08 0
272 378 58528 55.11 2003.55 26889.40 164.49 66.88 0
273 333 58861 52.52 1746.02 22792.64 141.38 62.13 400
274 76 58937 9.52 326.92 4167.56 36.19 25.44 400
275 206 59143 31.85 1036.42 13273.25 99.40 52.19 700
276 380 59523 51.34 2003.31 27044.48 163.48 64.93 1000
277 244 59767 29.85 1215.16 16426.09 113.10 62.03 300
278 87 59854 10.53 384.19 5091.61 37.97 25.82 300
279 384 60238 50.09 2003.77 27252.83 177.60 90.71 400
280 270 60508 24.67 1409.46 20369.51 113.77 50.83 300
281 379 60887 34.60 2001.88 29341.17 148.94 47.52 0
282 296 61183 33.37 1546.48 21701.06 124.67 61.63 200
283 384 61567 51.52 2003.37 27118.95 174.62 73.49 200
284 379 61946 39.54 2000.30 28709.78 148.79 50.30 0
285 318 62264 35.70 1669.27 23345.37 135.09 70.53 300
286 381 62645 48.22 2000.84 27527.57 158.12 77.20 600
287 295 62940 36.50 1530.42 21063.11 131.20 53.21 300
288 379 63319 41.72 2004.87 28581.57 154.19 58.97 0
289 89 63408 11.94 401.99 5270.21 39.51 23.68 300
290 205 63613 26.38 1032.42 13825.04 91.59 41.83 300
291 282 63895 41.14 1458.20 19028.06 130.46 67.31 400
292 160 64055 24.25 775.72 9677.80 81.22 44.04 600
293 382 64437 36.03 2003.58 28822.49 168.29 63.24 0
294 85 64522 9.41 364.83 4956.83 37.67 25.74 200
295 184 64706 21.21 908.60 12490.44 80.96 43.53 300
296 380 65086 39.16 2000.76 28666.03 152.01 53.77 0
297 51 65137 10.45 183.30 1895.09 26.35 17.74 400
298 87 65224 16.04 382.61 4505.27 41.53 25.01 500
299 84 65308 9.32 372.20 5075.90 33.54 22.41 200
300 382 65690 40.23 2000.55 28295.15 171.46 78.95 0
301 380 66070 36.37 2004.34 28909.24 162.01 62.04 0
302 156 66226 21.35 759.72 9829.32 81.22 49.08 200
303 166 66392 23.45 824.43 10735.59 73.47 46.19 200
304 381 66773 39.20 2000.44 28572.01 163.12 61.59 0
305 123 66896 14.88 587.40 7968.33 51.31 36.80 200
306 179 67075 22.54 891.79 11958.92 85.38 33.75 500
307 264 67339 30.94 1366.53 18956.58 114.80 57.15 400
308 90 67429 10.88 402.90 5459.07 41.71 22.81 400
309 148 67577 15.19 724.98 10173.28 62.46 44.65 300
310 78 67655 10.68 343.88 4487.75 35.78 20.35 300
311 378 68033 35.44 2000.69 29011.90 155.12 57.15 0
312 378 68411 43.44 2003.20 28106.10 170.53 67.72 0
313 295 68706 27.28 1531.05 22161.64 119.68 50.07 300
314 193 68899 30.45 967.97 12445.13 87.35 46.08 400
315 85 68984 9.51 370.62 4992.21 39.14 25.91 200
316 382 69366 47.93 2002.85 27595.00 169.12 62.33 300
317 103 69469 11.73 464.51 6192.55 49.13 33.05 300
318 242 69711 31.53 1231.03 16644.98 105.24 46.02 200
319 380 70091 37.77 2003.17 28846.13 161.04 61.29 0
320 381 70472 37.27 2001.12 28783.78 171.85 65.43 0
321 176 70648 23.09 878.56 11861.09 76.01 34.11 300
322 149 70797 16.34 723.01 10049.48 61.92 36.47 300
323 382 71179 38.92 2002.97 28341.47 177.14 64.96 0
324 98 71277 15.83 453.12 5663.65 41.75 25.32 600
325 382 71659 41.21 2005.32 28183.55 178.75 70.87 0
326 384 72043 57.37 2005.20 26216.42 190.67 95.94 1400
327 84 72127 16.32 343.19 3810.02 36.37 27.93 800
328 179 72306 17.20 897.12 12650.15 80.60 33.80 200
329 381 72687 48.51 2004.99 27719.85 169.48 53.47 0
330 272 72959 35.27 1403.21 19156.91 117.81 39.96 400
331 261 73220 31.26 1346.18 18606.76 115.61 46.64 200
332 376 73596 42.39 1954.86 27295.93 170.80 71.99 300
333 382 73978 47.64 2000.57 27296.30 186.85 59.82 300
334 288 74266 30.96 1488.12 20943.92 129.04 49.09 300
335 130 74396 12.57 626.65 8735.40 59.91 32.16 300
336 380 74776 38.98 2003.10 28953.64 147.50 54.49 0
337 138 74914 27.72 676.46 7970.57 68.22 38.13 500
338 282 75196 31.30 1469.17 20603.18 122.01 55.24 300
339 89 75285 14.13 407.47 5109.82 33.72 22.38 200
340 198 75483 22.68 1004.29 13974.08 84.19 39.09 400
341 98 75581 16.55 440.14 5358.56 48.69 25.79 300
342 379 75960 44.90 2000.05 27798.83 175.92 79.34 100
343 59 76019 16.14 222.01 1964.17 32.35 21.76 700
344 382 76401 54.55 2000.70 26556.57 177.66 92.26 800
345 114 76515 19.94 534.92 6510.73 51.56 32.19 300
346 330 76845 31.40 1724.14 24728.51 146.72 58.49 200
347 382 77227 48.10 2005.23 27814.33 165.65 63.70 500
348 157 77384 20.79 775.01 10167.39 71.41 38.19 300
349 380 77764 40.73 2002.71 28684.95 154.42 54.84 0
350 380 78144 43.53 2000.81 27861.30 176.59 70.67 0
351 38 78182 6.41 119.21 1296.34 16.44 15.29 200
352 384 78566 43.18 2002.84 28145.58 169.47 67.96 0
353 258 78824 27.27 1305.28 18599.32 108.28 48.11 200
354 308 79132 32.68 1612.60 22836.84 127.93 59.21 200
355 345 79477 45.85 1811.20 24695.47 151.94 73.24 300
356 380 79857 49.23 2003.20 27373.61 167.37 75.90 0
357 169 80026 23.27 810.93 10737.05 76.96 39.56 200
358 80 80106 9.63 358.87 4846.82 35.31 26.10 200
359 292 80398 37.98 1516.67 20861.20 120.43 63.90 300
360 378 80776 39.99 2004.18 28560.46 154.54 60.33 0
361 78 80854 9.56 312.05 4061.60 33.80 25.19 300
362 86 80940 12.06 389.17 5118.22 35.80 19.31 500
363 328 81268 49.75 1697.36 22101.16 151.67 92.16 700
364 228 81496 33.65 1148.12 14964.28 110.93 57.15 500
365 100 81596 14.65 467.17 6018.41 45.24 28.28 300
366 79 81675 11.86 340.01 4141.86 35.55 22.07 300
367 88 81763 10.49 389.64 5281.37 37.71 20.89 300
368 384 82147 38.09 2000.45 28962.96 164.20 44.59 0
369 84 82231 10.27 371.48 4982.77 33.06 18.38 300
370 74 82305 9.71 314.59 4020.31 32.64 22.73 300
371 85 82390 10.36 370.06 4984.97 33.23 20.53 300
372 383 82773 49.62 2004.04 27197.29 175.63 80.42 500
373 41 82814 6.50 127.64 1371.61 17.34 13.47 300
374 295 83109 42.36 1515.81 20108.70 132.14 61.78 400
375 85 83194 9.74 382.32 5234.90 33.90 17.49 300
376 380 83574 47.73 2003.69 27860.66 160.53 55.52 0
377 384 83958 54.02 2000.24 26858.10 182.72 66.89 0
378 44 84002 7.26 133.13 1469.58 16.49 16.32 300
379 172 84174 19.80 848.61 11770.50 66.13 28.36 300
380 382 84556 49.47 2000.56 27423.91 168.98 62.43 0
381 293 84849 40.58 1507.55 20371.27 127.46 60.06 300
382 153 85002 18.90 753.52 10302.04 58.37 35.64 300
383 94 85096 13.83 418.90 5363.79 41.12 21.74 500
384 146 85242 22.14 707.44 9107.27 63.54 36.41 300
385 383 85625 42.02 2002.86 28229.06 173.50 53.46 0
386 383 86008 42.58 2000.24 28250.26 170.93 56.80 0
387 382 86390 56.66 2000.38 26682.13 168.93 73.96 1100
388 204 86594 29.08 997.00 13084.30 91.02 51.95 400
389 383 86977 43.74 2003.25 28139.79 169.31 56.53 0
390 383 87360 39.85 2003.86 28345.86 181.76 75.28 0
391 382 87742 44.09 2002.05 28024.58 180.16 65.55 0
392 109 87851 14.82 492.28 6383.64 52.62 27.98 300
393 380 88231 46.20 2000.38 27448.89 184.83 74.73 500
394 80 88311 14.76 337.12 3821.20 36.79 25.08 800
395 95 88406 11.25 420.94 5636.58 43.61 20.74 400
396 147 88553 25.45 698.53 8570.33 73.76 39.96 600
397 83 88636 10.61 355.06 4507.08 40.11 25.35 200
398 157 88793 19.41 769.06 10335.29 79.14 38.20 300
399 79 88872 10.09 334.06 4346.29 33.10 20.87 400
400 169 89041 22.06 813.22 10751.50 80.07 52.67 300
401 386 89427 39.52 2000.74 28527.16 180.18 44.69 0
402 384 89811 45.34 2000.30 28047.38 172.50 47.81 0
403 79 89890 9.76 337.66 4361.97 41.24 26.40 200
404 374 90264 52.91 1955.89 25975.78 177.55 72.51 500
405 313 90577 40.10 1600.08 21901.86 138.29 63.45 300
406 381 90958 35.17 2003.48 29005.63 167.29 68.96 0
407 128 91086 21.94 593.28 7124.88 68.99 37.91 600
408 342 91428 55.52 1780.41 22341.24 182.10 92.46 1000
409 320 91748 40.20 1609.64 21780.18 150.22 68.64 300
410 289 92037 33.11 1486.49 20578.21 131.44 60.19 300
411 129 92166 16.63 589.01 7802.10 59.04 27.17 500
412 383 92549 48.09 2004.72 27635.81 168.85 86.01 400
413 42 92591 5.24 139.03 1672.38 19.88 14.16 200
414 384 92975 39.52 2000.89 28313.10 183.07 76.86 0
415 383 93358 50.17 2002.65 27393.44 175.86 67.72 400
416 393 93751 41.45 2003.64 28684.87 180.25 51.45 0
417 96 93847 9.77 419.96 5789.08 42.85 22.36 200
418 142 93989 15.48 676.93 9198.19 70.14 41.69 300
419 213 94202 20.53 1074.83 15291.02 96.37 45.63 200
420 74 94276 9.54 296.04 3804.05 32.36 19.28 300
421 382 94658 42.09 2000.12 28098.50 177.43 69.26 0
422 384 95042 41.03 2001.89 28227.40 177.61 60.65 0
423 387 95429 43.12 2000.37 28106.92 185.26 63.07 0
424 248 95677 32.59 1253.34 16639.35 135.21 71.36 300
425 384 96061 48.54 2001.31 27444.41 179.29 73.23 600
426 383 96444 69.77 2004.71 24524.69 192.54 100.02 2100
427 384 96828 48.65 2004.04 27469.29 174.64 69.21 0
428 387 97215 47.95 2003.03 27623.32 182.02 72.38 400
429 386 97601 43.87 2001.05 28169.96 175.45 69.30 700
430 387 97988 50.28 2000.97 27526.11 177.55 57.68 0
431 386 98374 37.42 2001.28 28598.85 186.35 55.38 0
432 110 98484 16.46 466.55 5918.13 49.25 26.56 200
433 74 98558 8.30 273.49 3545.24 31.78 21.93 200
434 161 98719 17.09 767.54 10612.77 76.71 35.02 200
435 386 99105 57.87 2002.32 26397.37 185.98 89.13 1400
436 363 99468 48.50 1863.17 25394.38 170.29 67.80 200
437 387 99855 47.13 2000.05 27773.89 172.19 69.70 0
438 135 99990 19.67 602.39 7674.84 59.19 34.18 300
439 389 100379 37.58 2001.04 28714.90 180.11 64.80 0
440 388 100767 40.99 2004.22 28648.63 167.37 51.74 0
441 386 101153 43.41 2002.33 28072.39 183.53 67.63 0
442 388 101541 48.26 2002.88 27592.52 184.93 62.10 0
443 96 101637 15.10 374.97 4784.58 37.93 18.41 400
444 390 102027 41.30 2002.40 28571.87 169.12 59.30 0
445 388 102415 41.94 2000.33 28232.46 179.93 73.58 0
446 229 102644 23.65 1139.87 15885.34 113.05 42.62 300
447 159 102803 18.90 747.35 10091.92 77.25 33.36 300
448 389 103192 49.24 2004.83 27233.35 187.49 90.55 700
449 156 103348 20.19 725.79 9707.00 70.80 41.81 200
450 266 103614 34.20 1337.72 18267.17 118.67 60.19 200
451 386 104000 42.21 2002.98 28163.42 186.16 66.54 0
452 396 104396 51.98 2001.53 27405.61 181.58 60.95 300
453 220 104616 26.18 1082.66 14975.38 95.31 36.58 400
454 165 104781 20.33 765.60 10237.72 75.24 39.78 300
455 218 104999 25.05 1062.89 14517.46 106.66 43.39 400
456 387 105386 37.89 2000.39 28607.37 185.67 61.70 0
457 140 105526 17.83 624.32 8301.12 67.51 35.65 200
458 386 105912 42.15 2000.33 28168.88 181.10 66.72 0
459 320 106232 35.32 1638.21 22741.34 156.49 71.20 300
460 160 106392 30.70 758.19 8976.91 77.78 64.14 1100
461 138 106530 15.67 666.83 9130.49 60.16 34.78 200
462 388 106918 61.31 2003.70 26179.38 190.49 85.79 1000
463 162 107080 20.42 745.73 9998.85 72.24 38.62 300
464 200 107280 25.31 964.50 12902.18 95.64 58.60 200
465 387 107667 40.72 2000.80 28300.19 183.46 56.25 0
466 45 107712 6.93 116.34 1215.75 25.74 21.99 300
467 225 107937 26.23 1105.19 15239.23 104.18 43.07 300
468 85 108022 11.03 352.75 4619.46 32.81 22.42 300
469 100 108122 11.70 432.27 5815.57 41.11 23.77 300
470 390 108512 58.22 2004.37 26440.21 183.71 80.17 700
471 387 108899 40.99 2005.28 28640.89 173.18 55.11 0
472 91 108990 9.34 345.98 4666.72 40.59 25.23 300
473 391 109381 40.64 2000.12 28387.45 170.06 75.84 0
474 390 109771 52.88 2001.60 26935.14 196.03 73.40 0
475 391 110162 52.92 2003.97 26976.13 194.62 67.66 500
476 251 110413 28.19 1231.84 16942.50 124.94 41.20 400
477 392 110805 35.74 2000.67 29059.68 177.35 49.52 0
478 46 110851 8.71 134.66 1336.51 27.82 20.69 400
479 145 110996 18.05 672.01 8848.80 71.50 43.28 300
480 393 111389 41.42 2004.48 28207.93 195.28 60.98 0
481 385 111774 42.17 2005.08 28162.59 183.32 62.64 0
482 396 112170 56.81 2002.31 26606.72 189.85 98.94 1400
483 394 112564 53.00 2004.39 27042.76 191.30 71.99 0
484 102 112666 11.18 434.84 5909.91 49.87 25.24 200
485 383 113049 42.61 1954.29 27282.09 184.36 75.27 200
486 188 113237 18.05 931.78 13123.93 92.04 43.71 200
487 254 113491 23.93 1271.13 18010.77 129.32 47.11 300
488 242 113733 29.03 1220.32 16686.41 120.22 60.89 200
489 395 114128 42.56 2003.05 28335.78 182.43 57.40 0
490 308 114436 36.81 1557.82 21518.51 147.09 58.56 300
491 127 114563 16.59 551.51 7226.51 52.46 26.59 300
492 285 114848 29.53 1447.80 20479.86 135.99 54.40 300
493 173 115021 24.17 811.11 10556.12 81.37 40.31 200
494 315 115336 40.31 1564.84 21266.63 149.80 61.03 300
495 217 115553 26.26 1030.15 13867.95 104.15 49.42 200
496 395 115948 46.44 2003.29 27502.32 206.32 71.09 0
497 250 116198 33.93 1221.66 16363.00 110.76 49.78 300
498 392 116590 38.31 2002.31 28563.25 186.41 56.97 0
499 391 116981 37.30 2005.24 28851.50 180.15 55.58 0
500 389 117370 40.51 2002.70 28436.69 184.42 51.55 0
501 305 117675 35.05 1548.77 21614.24 147.01 58.39 300
502 391 118066 40.43 2003.79 28412.02 190.45 53.83 0
503 46 118112 6.89 121.06 1295.61 24.76 20.89 300
504 246 118358 28.10 1194.80 16351.68 118.01 51.82 300
505 107 118465 17.30 433.38 5208.47 47.26 31.55 600
506 389 118854 46.91 2004.27 27789.57 183.69 64.57 400
507 395 119249 39.76 2000.63 28637.21 178.88 66.88 200
508 109 119358 10.36 408.48 5633.56 52.72 26.81 200
509 96 119454 10.20 358.58 4736.86 40.53 26.30 200
510 389 119843 37.76 2002.26 28653.20 185.14 60.55 0
511 394 120237 37.17 2001.36 29004.75 181.37 50.04 0
512 396 120633 53.54 2003.12 26983.46 216.10 77.27 0
513 174 120807 23.51 804.12 10610.85 81.77 49.31 300
514 397 121204 37.93 2003.08 28701.20 188.50 66.59 0
515 115 121319 18.62 442.60 5346.87 50.99 25.96 200
516 88 121407 13.55 337.42 3977.21 45.36 25.72 500
517 85 121492 11.99 339.01 4349.94 35.93 16.97 400
518 85 121577 9.54 315.66 4081.11 42.22 22.99 300
519 393 121970 47.46 2003.73 27542.94 194.21 74.95 500
520 190 122160 27.26 898.37 11803.47 93.18 34.67 300
521 394 122554 36.42 2000.32 28807.16 187.11 67.75 0
522 294 122848 31.22 1481.82 20654.77 143.18 57.40 300
523 251 123099 23.52 1235.11 17567.03 116.97 41.24 300
524 352 123451 34.11 1784.15 25439.19 160.77 50.21 400
525 74 123525 10.24 256.69 3066.38 35.05 22.26 300
526 393 123918 59.13 2001.99 26348.92 190.85 68.88 1600
527 392 124310 37.04 2001.59 28655.32 191.26 65.19 0
528 395 124705 42.11 2001.60 28008.03 190.81 71.22 0
529 220 124925 22.52 1090.50 15425.25 98.15 37.78 400
530 153 125078 27.59 724.00 8655.24 72.27 46.99 800
531 156 125234 15.95 719.28 9903.83 71.63 40.44 200
532 92 125326 14.18 351.95 4290.08 47.53 27.59 400
533 394 125720 37.48 2003.36 28784.16 184.02 59.80 0
534 143 125863 21.70 618.14 7640.61 75.26 46.53 800
535 385 126248 46.95 1973.09 26901.96 187.95 85.34 600
536 353 126601 50.21 1789.25 23397.74 182.62 73.54 300
537 93 126694 12.33 367.26 4657.57 44.13 24.15 400
538 77 126771 10.02 251.65 3252.57 38.15 19.89 400
539 396 127167 39.68 2002.34 28643.83 182.53 49.30 0
540 312 127479 31.28 1562.69 21952.38 154.70 58.57 300
541 390 127869 32.71 2002.85 29090.90 190.76 57.45 0
542 397 128266 50.72 2004.62 27425.28 196.95 71.92 0
543 50 128316 10.10 128.18 1065.78 25.31 27.95 600
544 391 128707 39.63 2003.64 28337.63 193.79 63.34 0
545 311 129018 32.78 1551.19 21534.75 153.05 54.12 300
546 227 129245 28.29 1075.08 14356.71 109.67 49.46 200
547 396 129641 41.60 2002.02 28178.38 195.80 74.21 200
548 157 129798 17.66 675.71 9044.34 72.02 36.76 200
549 136 129934 12.12 563.36 7928.32 62.92 29.39 200
550 148 130082 16.45 638.87 8635.31 67.02 34.93 300
551 226 130308 33.77 1075.59 13731.77 114.72 56.21 900
552 85 130393 10.19 331.90 4300.41 32.98 23.06 300
553 222 130615 23.30 1082.14 15034.96 105.45 51.12 300
554 235 130850 19.17 1158.42 16809.26 108.03 46.46 300
555 148 130998 15.29 667.46 9078.11 77.38 38.40 300
556 218 131216 28.36 1012.29 13238.01 111.59 62.82 200
557 201 131417 26.06 935.84 12336.92 97.61 40.06 400
558 395 131812 36.85 2004.62 28916.17 181.40 56.88 0
559 393 132205 34.89 2002.96 28873.97 196.35 65.53 0
560 51 132256 9.18 117.65 1135.10 29.47 24.40 300
561 270 132526 28.12 1336.40 18757.90 128.70 47.84 200
562 96 132622 9.14 380.47 5245.75 43.46 25.74 200
563 182 132804 22.39 823.36 11016.47 85.14 41.05 200
564 392 133196 41.00 2004.16 28395.62 190.21 64.61 0
565 389 133585 45.48 2003.61 27505.06 199.16 75.74 300
566 393 133978 34.51 2002.45 29116.93 190.86 52.36 0
567 130 134108 22.31 552.60 6466.36 65.08 39.17 200
568 120 134228 14.11 505.06 6644.59 57.69 23.83 200
569 398 134626 49.52 2002.83 27407.78 183.40 86.16 1000
570 396 135022 41.78 2002.37 28372.49 182.35 64.08 0
571 174 135196 17.22 821.24 11499.85 79.87 39.43 200
572 150 135346 12.27 627.97 8957.56 69.69 33.83 300
573 159 135505 16.29 704.39 9758.96 70.67 33.86 300
574 399 135904 50.91 2000.38 27464.35 187.13 56.45 0
575 52 135956 9.52 151.35 1653.53 25.01 15.20 400
576 387 136343 45.49 2003.07 27711.49 189.18 63.40 300
577 99 136442 10.43 396.83 5405.86 42.87 25.30 300
578 254 136696 28.52 1226.61 16954.75 125.43 45.18 200
579 80 136776 10.31 266.41 3288.12 40.60 26.58 400
580 395 137171 36.87 2001.14 28664.27 201.06 51.48 0
581 390 137561 44.86 2000.94 27609.00 194.46 69.21 0
582 52 137613 6.80 142.06 1670.80 28.09 18.57 200
583 394 138007 48.46 2004.89 27802.24 177.80 64.46 400
584 292 138299 37.52 1418.81 19364.41 141.05 49.77 300
585 153 138452 18.26 679.26 9150.42 69.44 41.54 300
586 402 138854 52.73 2001.94 27162.00 198.13 66.86 100
587 243 139097 29.92 1166.37 15831.10 116.68 48.37 300
588 274 139371 32.04 1312.03 18181.33 122.94 54.47 300
589 397 139768 41.19 2001.83 28332.40 188.99 66.60 0
590 236 140004 22.46 1111.63 15671.87 119.57 40.12 300
591 395 140399 59.05 2004.85 26531.57 187.90 85.08 1000
592 395 140794 47.19 2001.18 27759.58 190.07 52.11 0
593 49 140843 6.91 126.92 1397.30 23.68 20.36 200
594 392 141235 31.27 2003.40 29413.24 185.27 53.01 0
595 164 141399 18.56 695.70 9434.87 81.53 35.09 300
596 398 141797 47.44 2003.00 27648.66 194.24 65.65 0
597 162 141959 18.01 743.57 10181.00 75.36 32.63 300
598 161 142120 18.13 737.25 9990.94 80.00 34.72 400
599 321 142441 38.09 1622.53 22393.27 152.49 62.00 300
600 365 142806 42.29 1788.49 24419.18 183.89 82.34 800
601 87 142893 9.53 327.43 4351.18 36.85 24.46 300
602 331 143224 41.27 1645.70 22446.97 161.75 61.85 400
603 365 143589 44.93 1828.29 25067.75 173.96 69.20 500
604 175 143764 20.14 812.73 11140.56 79.25 36.56 300
605 397 144161 41.01 2002.35 28301.27 188.63 65.74 0
606 400 144561 43.47 2002.23 28216.98 187.19 70.25 0
607 96 144657 11.40 313.66 4016.36 48.96 27.40 400
608 402 145059 45.50 2001.25 28122.90 184.31 66.27 500
609 393 145452 37.10 2003.46 28869.65 179.22 62.78 0
610 94 145546 10.36 357.77 4778.98 39.74 26.30 300
611 63 145609 8.11 175.00 2203.13 27.63 16.09 300
612 394 146003 49.48 2001.65 27256.40 197.10 70.80 500
613 395 146398 38.56 2004.42 28733.94 188.85 58.33 0
614 391 146789 45.53 2005.06 27733.41 205.00 57.53 0
615 402 147191 38.27 2002.02 28868.76 189.29 50.40 0
616 400 147591 35.67 2001.73 28722.93 207.37 65.83 0
617 396 147987 41.20 2003.30 28299.93 188.17 66.73 0
618 396 148383 45.32 2004.70 28147.90 180.94 68.23 0
619 400 148783 41.59 2003.63 28645.27 186.83 57.16 0
620 374 149157 39.57 1864.05 26100.36 183.68 63.98 300
621 83 149240 7.93 306.44 4159.50 36.27 18.21 200
622 244 149484 27.15 1183.24 16337.60 116.54 42.79 400
623 399 149883 42.89 2005.04 28242.08 188.92 67.33 300
