0 35 35 11.29 47.55 75.94 8.23 29.75 800
1 104 139 12.58 180.00 2347.50 17.22 19.03 300
2 72 211 7.41 125.48 1651.97 15.06 7.05 400
3 82 293 8.54 165.53 2259.74 17.18 15.10 400
4 68 361 7.01 132.75 1780.93 15.34 16.04 200
5 143 504 22.77 434.02 5685.25 27.89 19.86 600
6 80 584 25.86 158.18 1171.55 23.93 18.81 1100
7 78 662 53.08 333.06 225.59 66.71 65.03 4900
8 78 740 51.00 353.60 343.31 69.97 66.27 4800
9 96 836 67.14 343.24 -228.52 55.90 72.73 4300
10 62 898 11.24 97.40 1111.67 13.05 7.63 600
11 79 977 10.70 154.24 1943.69 15.80 11.02 500
12 78 1055 9.32 183.62 2428.90 18.52 15.27 300
13 78 1133 12.52 155.33 1901.52 17.05 9.89 500
14 147 1280 37.08 411.73 4158.61 32.47 16.90 2000
15 72 1352 7.63 154.82 2140.40 15.35 14.74 200
16 135 1487 17.14 373.23 5053.23 30.51 21.70 200
17 152 1639 28.67 404.71 5052.32 36.26 24.40 500
18 126 1765 17.47 319.62 4102.12 36.23 35.17 200
19 67 1832 16.07 159.73 1598.27 20.00 23.25 400
20 81 1913 12.49 239.91 2962.86 20.47 21.76 200
21 285 2198 69.58 1378.02 15153.54 100.32 73.46 1500
22 173 2371 38.69 861.12 9522.80 86.62 57.66 300
23 69 2440 15.79 288.54 2948.28 38.59 19.98 300
24 380 2820 83.67 2003.49 23454.21 186.76 97.18 200
25 321 3141 84.89 1680.75 17671.37 167.09 101.15 1800
26 141 3282 31.47 698.13 7699.38 78.02 46.77 400
27 73 3355 19.31 316.94 3005.79 44.14 34.18 200
28 378 3733 80.52 2002.73 23635.86 183.24 97.97 900
29 81 3814 13.26 368.93 4592.42 37.15 25.46 200
30 262 4076 54.10 1365.08 16333.14 123.58 64.79 300
31 80 4156 15.97 365.87 4232.82 37.28 23.91 200
32 141 4297 31.00 700.71 7951.53 64.67 41.76 400
33 81 4378 12.32 367.64 4616.95 39.67 23.34 200
34 213 4591 39.22 1099.81 13604.95 99.11 51.68 300
35 90 4681 18.29 418.77 4860.46 41.67 27.80 300
36 129 4810 27.00 637.24 7493.05 60.45 34.92 400
37 338 5148 55.67 1790.88 23072.77 155.75 70.86 300
38 76 5224 12.96 347.68 4183.50 39.04 27.47 300
39 72 5296 14.57 324.07 3640.77 31.68 21.99 300
40 287 5583 59.95 1510.60 18166.35 132.46 76.30 300
41 79 5662 12.69 356.71 4493.89 34.38 20.83 300
42 376 6038 76.69 2000.91 24729.22 159.55 90.19 800
43 377 6415 72.42 2004.81 25488.52 152.45 65.87 0
44 191 6606 36.49 977.51 11984.62 85.66 52.33 300
45 376 6982 67.54 2003.58 25488.77 170.42 74.00 0
46 376 7358 48.41 2005.27 27781.98 145.22 65.85 0
47 203 7561 38.95 1043.61 12763.96 94.77 63.31 600
48 376 7937 54.07 2003.72 27176.04 156.10 83.70 0
49 375 8312 69.09 2001.02 25303.80 171.48 94.84 0
50 86 8398 19.83 397.74 4355.21 43.24 24.23 400
51 349 8747 54.81 1856.82 24369.28 153.11 73.25 400
52 282 9029 114.29 1389.37 8343.81 199.21 139.65 4500
53 139 9168 22.11 694.01 8950.83 56.20 37.48 300
54 375 9543 52.95 2000.72 27296.39 147.60 81.26 0
55 375 9918 57.21 2000.43 26596.05 157.87 67.50 0
56 47 9965 9.81 185.47 1910.17 27.52 25.09 300
57 96 10061 16.42 458.07 5739.02 43.26 29.43 300
58 121 10182 17.23 595.50 7965.04 45.42 32.39 200
59 85 10267 12.55 393.93 5158.05 37.92 27.95 300
60 375 10642 50.44 2001.31 27523.16 154.90 84.64 0
61 376 11018 49.09 2003.88 27807.83 141.52 78.57 0
62 79 11097 11.65 359.41 4550.91 37.20 25.22 300
63 376 11473 56.67 2000.06 27034.39 142.27 69.44 0
64 377 11850 57.03 2001.36 26834.98 158.19 69.42 0
65 163 12013 23.75 830.52 11133.95 60.62 33.06 200
66 375 12388 49.01 2002.56 27736.06 146.31 74.03 0
67 375 12763 49.61 2005.15 27783.67 140.37 61.17 0
68 375 13138 46.65 2003.09 27993.93 150.61 75.12 0
69 44 13182 7.38 161.61 1744.87 25.25 20.39 300
70 377 13559 58.95 2004.47 26671.05 147.41 70.73 0
71 360 13919 53.15 1917.82 25914.75 139.53 71.89 400
72 162 14081 26.45 821.96 10395.50 74.75 51.49 1000
73 92 14173 15.03 434.18 5432.31 43.98 26.46 300
74 198 14371 28.72 1017.79 13588.20 82.29 41.42 300
75 269 14640 40.74 1411.45 18824.13 104.36 58.35 300
76 345 14985 45.47 1833.41 24905.36 149.59 73.78 300
77 72 15057 9.93 324.31 4197.69 30.67 23.51 300
78 89 15146 11.20 417.62 5638.94 39.26 23.82 300
79 376 15522 47.91 2004.01 27738.07 152.94 67.52 0
80 374 15896 47.80 2002.57 28032.23 140.95 54.11 0
81 243 16139 31.20 1276.45 17781.46 87.27 46.81 300
82 375 16514 45.46 2004.71 28056.72 145.40 67.76 0
83 160 16674 23.81 813.02 10602.72 71.70 38.22 300
84 375 17049 50.40 2004.18 27477.53 156.00 64.70 0
85 336 17385 42.93 1782.61 24826.15 125.78 54.89 200
86 375 17760 43.73 2000.41 28359.54 142.66 65.48 0
87 375 18135 52.83 2002.28 27249.22 151.07 85.81 400
88 375 18510 47.56 2001.19 27772.80 146.31 68.19 0
89 374 18884 49.08 2003.93 27718.55 138.26 66.29 800
90 35 18919 7.30 119.08 1153.21 15.97 15.06 300
91 341 19260 50.77 1809.49 24481.09 121.44 61.45 300
92 376 19636 40.79 2000.93 28546.16 140.70 57.50 0
93 79 19715 8.49 360.03 4955.06 31.34 20.63 300
94 153 19868 23.75 767.07 9807.05 69.70 48.55 900
95 300 20168 46.62 1587.33 20966.82 123.01 65.03 300
96 375 20543 45.40 2003.87 28421.92 138.47 59.76 0
97 376 20919 46.25 2005.24 27840.04 152.49 62.65 0
98 283 21202 39.18 1488.13 20056.22 117.27 68.01 400
99 375 21577 48.97 2000.80 27817.13 138.31 53.22 0
100 46 21623 8.81 181.15 2032.51 19.97 16.47 300
101 374 21997 43.57 2000.03 28245.08 135.77 62.48 0
102 112 22109 14.67 547.14 7315.81 45.92 25.28 400
103 374 22483 42.66 2005.39 28424.00 142.04 63.56 0
104 46 22529 9.27 182.04 1966.31 22.77 16.64 300
105 374 22903 42.77 2001.58 28567.73 135.24 56.01 0
106 50 22953 6.53 202.13 2502.18 21.79 17.96 300
107 152 23105 22.51 766.10 10051.72 65.70 31.89 400
108 205 23310 25.62 1059.15 14489.40 87.69 50.65 300
109 276 23586 30.08 1458.19 20676.17 109.41 65.73 400
110 113 23699 13.91 552.50 7446.73 47.79 35.46 400
111 166 23865 23.80 842.45 11233.29 63.14 31.68 300
112 80 23945 14.60 362.89 4313.16 37.40 23.15 500
113 78 24023 10.60 354.98 4586.26 33.12 23.50 200
114 89 24112 12.61 417.31 5382.98 39.70 27.57 400
115 238 24350 26.46 1245.73 17685.73 83.09 51.14 200
116 376 24726 46.43 2005.22 27935.35 147.96 61.24 0
117 376 25102 47.96 2003.44 27772.35 151.05 63.81 0
118 245 25347 32.83 1275.07 17040.16 110.16 59.05 300
119 164 25511 20.51 828.83 11342.35 63.21 34.80 200
120 150 25661 24.48 760.73 9684.45 69.75 39.12 400
121 146 25807 20.08 730.75 9711.73 63.62 37.87 300
122 99 25906 10.26 476.07 6634.12 41.46 30.17 300
123 376 26282 45.53 2005.46 28299.05 130.17 66.20 300
124 376 26658 46.45 2003.51 27681.80 154.14 67.70 200
125 118 26776 16.71 577.56 7487.75 49.81 28.25 300
126 90 26866 11.45 425.03 5691.94 39.03 23.38 200
127 96 26962 14.53 449.78 5727.70 42.82 25.51 300
128 230 27192 31.52 1195.49 16109.33 95.20 45.00 400
129 347 27539 39.41 1853.25 26070.97 134.11 65.71 300
130 376 27915 50.06 2002.53 27606.07 138.35 64.73 0
131 378 28293 58.66 2005.45 26211.35 165.49 98.98 800
132 317 28610 45.47 1674.42 22584.26 121.29 78.24 300
133 207 28817 25.15 1067.07 14838.58 72.37 43.51 200
134 209 29026 26.62 1071.70 14550.37 89.85 49.69 200
135 375 29401 45.12 2002.97 28295.02 132.89 53.32 0
136 378 29779 53.32 2003.58 26866.37 157.02 76.20 0
137 377 30156 48.96 2002.87 27739.79 143.09 73.38 0
138 117 30273 16.65 564.22 7401.85 49.04 25.60 300
139 84 30357 9.96 378.62 5158.30 31.49 22.13 300
140 375 30732 51.01 2003.63 27794.34 128.52 59.54 0
141 378 31110 41.31 2005.14 28424.50 142.60 72.45 0
142 78 31188 15.36 342.02 3953.74 33.44 26.18 300
143 378 31566 49.47 2001.62 27885.58 137.85 68.56 0
144 380 31946 49.54 2001.65 27650.73 145.34 75.77 300
145 232 32178 42.31 1200.99 15288.06 86.27 49.33 600
146 56 32234 11.11 226.34 2504.42 23.99 20.87 300
147 377 32611 43.91 2002.15 28227.07 139.84 81.65 400
148 290 32901 29.57 1519.38 21830.19 102.16 56.22 300
149 310 33211 43.25 1630.69 22450.04 107.47 67.03 300
150 378 33589 40.61 2003.83 28699.51 138.89 63.66 0
151 78 33667 10.27 339.79 4478.28 29.03 20.19 300
152 379 34046 43.74 2000.64 28156.04 157.52 66.72 0
153 271 34317 38.49 1410.90 18835.25 112.09 63.97 300
154 142 34459 20.07 703.35 9280.81 57.43 33.29 200
155 377 34836 47.28 2002.85 28010.66 140.55 60.00 0
156 130 34966 17.17 622.47 8172.33 56.09 26.18 300
157 84 35050 15.97 378.33 4517.18 34.36 23.38 800
158 378 35428 40.80 2000.43 28408.93 148.40 74.90 0
159 58 35486 11.00 239.30 2646.93 26.00 21.54 300
160 356 35842 45.00 1876.04 25696.73 155.87 87.33 400
161 86 35928 12.00 396.05 5213.89 35.61 20.99 300
162 377 36305 44.19 2001.81 28166.66 146.43 71.87 0
163 379 36684 44.04 2003.52 28325.40 145.83 61.94 0
164 45 36729 8.47 165.08 1808.86 19.35 15.55 300
165 279 37008 42.51 1461.72 19366.66 113.08 63.25 300
166 174 37182 24.63 889.57 11903.42 67.27 39.22 300
167 378 37560 46.88 2004.75 28032.63 142.35 64.99 0
168 378 37938 57.33 2000.57 26564.39 154.15 84.84 500
169 376 38314 49.31 2001.77 27853.06 141.34 63.11 400
170 201 38515 24.44 1020.95 14037.39 77.08 43.33 300
171 377 38892 54.04 2002.20 27431.37 132.82 58.62 0
172 270 39162 34.19 1408.81 19357.62 110.12 52.29 300
173 73 39235 7.85 320.26 4403.18 28.02 19.85 200
174 378 39613 48.53 2003.94 27955.45 133.34 65.23 200
175 36 39649 5.81 122.53 1315.85 18.40 15.57 300
176 150 39799 24.05 752.67 9780.24 58.29 29.95 300
177 210 40009 45.65 1081.25 12583.37 91.52 62.90 1100
178 377 40386 45.18 2003.81 28077.84 142.74 74.58 0
179 376 40762 50.88 2001.50 27514.55 139.14 66.77 0
180 101 40863 18.53 478.20 5999.09 37.84 21.04 300
181 301 41164 47.07 1577.07 20860.20 122.80 59.78 400
182 376 41540 60.14 2002.84 26585.55 134.33 64.29 0
183 151 41691 20.46 761.36 10281.23 60.34 35.53 300
184 378 42069 52.17 2002.26 27324.32 137.49 59.04 0
185 148 42217 28.03 736.28 8859.75 67.56 44.88 700
186 83 42300 8.92 366.02 5022.42 32.64 22.17 200
187 158 42458 20.97 794.46 10838.46 61.04 33.72 200
188 376 42834 46.39 2002.60 27443.07 161.23 99.36 600
189 160 42994 25.75 807.40 10381.00 65.73 35.26 200
190 302 43296 42.98 1587.26 21479.09 111.21 60.95 300
191 377 43673 51.72 2001.89 27400.35 143.51 71.63 0
192 134 43807 20.93 658.83 8445.33 56.07 39.17 300
193 241 44048 33.96 1251.67 16862.52 92.86 49.26 200
194 290 44338 42.03 1514.80 20326.20 112.76 60.89 200
195 73 44411 8.44 324.01 4333.55 33.17 23.66 200
196 246 44657 45.25 1275.94 15902.22 100.89 66.37 1100
197 217 44874 31.36 1119.86 14997.66 79.03 44.50 300
198 228 45102 35.22 1178.12 15411.98 99.56 46.37 300
199 377 45479 45.99 2003.62 28045.44 143.18 54.89 0
200 376 45855 43.66 2004.24 28447.41 136.24 61.09 0
201 115 45970 16.48 560.35 7366.86 48.33 34.56 300
202 202 46172 30.41 1031.15 13192.32 93.72 63.89 400
203 378 46550 45.20 2000.62 28123.18 138.90 68.10 0
204 377 46927 36.25 2004.33 29250.87 134.98 71.63 0
205 158 47085 20.81 787.44 10434.31 72.95 42.40 300
206 222 47307 35.65 1147.42 14943.07 86.37 49.54 600
207 291 47598 39.90 1527.98 20747.49 114.11 66.88 300
208 272 47870 34.73 1420.24 19388.33 111.42 60.30 400
209 149 48019 18.65 753.96 10343.38 55.24 32.02 300
210 145 48164 18.04 729.56 10110.48 51.42 37.20 200
211 377 48541 41.36 2004.50 28446.72 138.66 60.39 100
212 70 48611 7.49 301.33 4055.58 30.48 17.62 300
213 375 48986 41.40 2001.13 28636.18 133.21 66.40 0
214 41 49027 6.09 148.70 1760.41 17.98 15.73 300
215 99 49126 14.11 465.99 5965.77 44.92 32.30 300
216 53 49179 7.70 208.63 2538.10 22.82 16.44 300
217 377 49556 50.93 2003.83 27451.74 147.42 67.95 0
218 126 49682 17.87 625.94 8412.29 42.82 28.08 300
219 79 49761 8.72 359.42 4902.39 31.61 19.97 200
220 377 50138 44.99 2002.85 28016.27 148.08 80.75 0
221 378 50516 53.96 2003.95 27296.77 140.58 62.96 0
222 376 50892 38.57 2001.40 28752.09 136.58 79.89 0
223 161 51053 23.90 807.54 10516.51 69.58 40.46 300
224 140 51193 20.82 685.65 8815.82 62.44 39.38 300
225 377 51570 50.34 2003.17 27649.90 136.51 59.34 500
226 307 51877 40.85 1614.06 22128.00 117.52 51.97 300
227 74 51951 11.83 332.76 4087.50 32.30 19.12 300
228 367 52318 46.58 1946.66 26864.64 138.56 73.20 300
229 208 52526 30.82 1066.00 13758.31 91.99 60.02 400
230 301 52827 40.33 1574.44 21259.42 126.85 65.44 200
231 223 53050 33.30 1145.90 15018.10 93.91 48.67 400
232 358 53408 46.61 1889.82 25756.80 148.83 83.12 300
233 376 53784 42.64 2001.28 28374.62 142.93 67.03 200
234 336 54120 45.17 1762.21 23800.60 140.11 75.93 700
235 376 54496 37.31 2000.35 28778.63 141.07 72.91 0
236 54 54550 8.04 220.85 2606.45 28.29 17.91 200
237 167 54717 24.29 853.25 11168.53 74.19 46.95 700
238 230 54947 25.35 1186.32 16765.87 85.67 41.53 200
239 377 55324 45.92 2002.73 27696.80 153.92 74.00 100
240 376 55700 38.23 2001.96 28842.94 139.06 61.04 0
241 101 55801 15.30 487.18 6314.74 39.97 21.99 500
242 80 55881 13.81 358.38 4382.19 36.58 22.35 300
243 377 56258 53.22 2000.19 26918.67 159.68 64.51 0
244 378 56636 46.96 2001.29 27479.64 165.67 72.09 0
245 296 56932 38.31 1547.02 20973.20 129.99 68.27 300
246 156 57088 24.97 784.15 9967.83 70.56 44.80 300
247 81 57169 11.50 369.32 4720.35 34.52 22.26 300
248 377 57546 47.24 2000.20 27658.87 149.34 74.80 0
249 335 57881 42.82 1758.44 24329.84 134.16 71.15 200
250 378 58259 50.42 2005.22 27345.19 156.83 71.58 400
251 169 58428 27.67 851.30 10926.72 66.72 37.61 400
252 377 58805 43.61 2002.41 28499.98 131.71 55.22 0
253 253 59058 37.79 1316.25 17420.40 104.47 50.59 500
254 377 59435 55.66 2000.45 26691.48 156.23 69.34 1000
255 296 59731 36.03 1563.92 21620.26 119.59 71.22 300
256 377 60108 52.80 2001.38 27069.15 153.36 78.61 500
257 378 60486 41.18 2003.85 28570.41 141.34 60.77 0
258 225 60711 29.04 1166.08 15975.55 91.19 49.64 300
259 363 61074 56.91 1926.02 25291.03 156.63 88.39 600
260 376 61450 37.78 2004.52 28966.52 138.33 60.71 200
261 354 61804 53.72 1863.65 24439.47 154.91 100.07 800
262 377 62181 41.51 2004.51 28508.97 144.71 65.94 0
263 52 62233 8.32 210.95 2417.15 28.36 18.04 200
264 245 62478 31.48 1278.11 17572.79 96.48 54.66 300
265 377 62855 43.96 2005.17 28441.96 140.78 53.22 0
266 72 62927 9.82 324.10 4191.49 30.69 23.55 200
267 378 63305 43.82 2004.62 28240.89 150.87 63.64 0
268 182 63487 28.14 924.46 11912.46 85.84 58.52 200
269 376 63863 42.42 2003.73 28591.81 140.04 52.64 0
270 155 64018 19.66 778.93 10659.36 58.12 41.18 200
271 378 64396 49.28 2003.26 27733.71 143.25 59.48 0
272 376 64772 38.56 2002.05 28977.98 138.16 54.02 0
273 376 65148 39.46 2001.70 28924.34 135.57 43.32 0
274 63 65211 11.42 261.89 3012.23 31.65 20.10 200
275 377 65588 42.46 2001.85 28374.96 145.26 60.35 0
276 376 65964 40.51 2001.68 28474.77 163.09 71.73 0
277 378 66342 43.85 2001.32 28315.48 140.59 62.67 300
278 377 66719 42.44 2001.22 28338.49 147.21 55.86 0
279 352 67071 50.05 1854.89 24902.01 148.31 75.85 700
280 376 67447 43.08 2002.23 28301.08 141.81 63.25 0
281 41 67488 9.92 152.72 1466.82 19.54 15.05 500
282 378 67866 59.30 2002.25 26042.37 173.38 94.92 400
283 379 68245 46.02 2005.08 27667.47 162.50 80.17 0
284 379 68624 69.10 2000.22 25018.88 166.83 93.38 1200
285 380 69004 46.94 2004.15 27867.51 142.42 65.14 0
286 377 69381 51.76 2001.18 27188.87 156.22 54.24 200
287 379 69760 56.43 2004.86 26596.65 165.74 73.95 400
288 378 70138 47.98 2002.89 27720.97 153.26 76.32 200
289 300 70438 40.46 1576.50 21545.25 116.94 63.93 300
290 355 70793 50.13 1874.97 24758.83 156.40 97.94 400
291 377 71170 38.57 2004.25 28954.24 136.88 55.18 0
292 381 71551 54.20 2001.71 26873.14 165.36 66.01 100
293 379 71930 49.92 2003.71 27868.68 138.54 53.03 0
294 381 72311 45.00 2001.04 28315.35 136.23 52.23 300
295 379 72690 50.53 2001.82 27644.23 141.45 63.45 0
296 383 73073 42.42 2002.84 28794.43 129.21 46.96 0
297 45 73118 7.95 110.91 1048.07 21.28 21.18 200
298 390 73508 41.59 2004.42 28592.27 150.31 53.44 0
299 154 73662 19.81 721.37 9748.51 51.87 32.72 400
300 391 74053 47.03 2000.52 28036.49 144.64 60.99 0
301 386 74439 51.18 1979.82 27216.74 144.42 73.65 200
302 387 74826 41.70 2001.19 28598.09 138.65 56.97 0
303 330 75156 41.17 1675.96 23091.47 125.25 66.72 200
304 388 75544 40.35 2003.05 28546.55 148.83 69.36 400
305 383 75927 58.71 1939.91 25267.95 163.16 87.39 600
306 390 76317 43.24 2004.84 28504.61 134.65 58.99 0
307 299 76616 37.91 1489.18 20596.28 117.96 60.25 300
308 199 76815 25.99 936.80 12542.73 79.51 53.11 300
309 177 76992 25.52 847.08 11115.24 70.84 41.36 300
310 205 77197 26.29 980.31 12993.83 84.13 48.99 200
311 317 77514 37.69 1586.91 22081.60 116.97 59.73 200
312 189 77703 24.61 882.51 11909.53 71.60 39.81 300
313 391 78094 45.94 2004.78 28123.49 148.20 73.05 0
314 389 78483 38.97 2002.81 29100.13 131.03 54.22 0
315 391 78874 46.45 2001.85 28268.72 139.78 61.40 0
316 39 78913 8.34 83.53 612.61 22.28 26.13 300
317 328 79241 45.80 1656.02 22275.01 126.08 69.92 200
318 178 79419 26.92 840.66 10952.44 70.31 37.43 400
319 392 79811 42.75 2001.97 27866.37 157.07 86.43 200
320 390 80201 48.68 2004.37 27947.98 144.10 67.98 600
321 157 80358 23.65 727.30 9256.04 68.04 48.30 300
322 75 80433 13.19 291.31 3488.84 28.48 21.35 400
323 392 80825 49.65 2003.86 27728.39 149.49 81.34 400
324 391 81216 49.93 2002.67 27576.77 156.59 65.03 0
325 42 81258 6.59 113.97 1180.14 22.66 21.96 200
326 230 81488 26.38 1133.08 15704.99 86.65 47.63 400
327 386 81874 42.99 2003.52 28618.54 133.91 63.97 0
328 392 82266 49.75 2001.47 27790.24 148.99 57.06 0
329 167 82433 22.71 783.90 10368.19 69.13 39.02 300
330 82 82515 10.53 284.88 3561.05 33.46 24.48 300
331 389 82904 43.90 2001.22 28479.61 132.85 62.06 0
332 259 83163 33.59 1284.89 17257.23 108.69 60.87 400
333 391 83554 39.38 2004.55 29010.10 147.43 67.34 0
334 217 83771 22.98 1037.58 14643.26 78.55 45.00 400
335 392 84163 44.78 2005.38 28379.45 138.61 54.40 0
336 52 84215 9.09 151.04 1602.40 21.25 13.73 500
337 227 84442 32.84 1103.28 14052.25 110.77 67.68 300
338 251 84693 37.47 1254.30 16523.29 97.40 62.27 300
339 390 85083 47.60 2005.21 27616.05 159.53 73.25 100
340 169 85252 21.41 808.66 11067.92 61.39 34.72 200
341 92 85344 9.22 352.31 4891.93 30.59 24.63 200
342 153 85497 19.66 691.94 9206.75 60.93 32.52 700
343 383 85880 50.44 1954.88 26551.46 154.80 89.96 300
344 388 86268 38.90 2005.45 28955.92 138.51 60.19 0
345 106 86374 13.53 443.96 5847.37 41.21 22.92 200
346 150 86524 17.89 689.13 9328.50 57.94 37.67 300
347 222 86746 27.39 1073.22 14362.13 101.18 51.42 200
348 392 87138 45.41 2004.87 27932.09 159.87 80.61 0
349 300 87438 40.28 1513.62 20526.76 116.24 68.06 600
350 390 87828 53.20 2002.02 27462.14 140.96 72.57 600
351 395 88223 43.03 2003.54 28486.94 146.56 64.42 0
352 390 88613 49.04 2005.12 27836.90 150.28 65.43 0
353 163 88776 19.10 750.76 10322.91 59.26 35.14 400
354 95 88871 9.51 362.77 4963.89 34.28 24.28 200
355 389 89260 55.59 2001.02 27005.87 148.21 66.24 500
356 321 89581 39.13 1622.34 22565.54 122.11 68.16 300
357 83 89664 10.11 310.57 3977.86 31.25 25.22 300
358 388 90052 44.97 2000.12 28329.55 138.12 58.17 0
359 387 90439 37.47 2000.75 29211.49 133.63 59.29 0
360 126 90565 15.31 559.53 7437.03 47.04 32.66 300
361 397 90962 61.40 2002.00 26058.95 174.30 98.26 400
362 392 91354 50.72 2005.18 27543.44 150.72 73.33 100
363 391 91745 37.29 2003.64 29036.91 147.36 67.04 0
364 100 91845 8.58 382.15 5381.17 36.24 24.20 300
365 305 92150 38.78 1525.81 20791.34 126.46 68.88 700
366 386 92536 38.91 2004.94 28953.99 138.28 59.04 0
367 252 92788 32.94 1207.74 16244.25 108.50 59.14 300
368 364 93152 65.14 1865.18 23255.31 158.84 104.87 1100
369 155 93307 18.77 715.38 9688.85 61.27 42.91 300
370 214 93521 28.36 1028.47 13794.61 83.99 41.51 300
371 388 93909 42.46 2002.29 28709.42 130.72 59.45 0
372 391 94300 48.91 2001.87 27555.89 155.73 72.13 0
373 389 94689 49.78 2002.04 27714.30 138.73 70.10 200
374 131 94820 26.99 568.79 6119.19 58.37 39.52 1100
375 128 94948 13.89 555.42 7684.19 44.77 25.55 300
376 192 95140 21.32 922.40 12847.06 73.14 38.36 400
377 390 95530 51.78 2000.76 27437.21 153.23 80.53 500
378 281 95811 34.21 1401.61 19374.83 104.39 56.81 200
379 156 95967 23.23 728.99 9382.65 62.46 39.89 300
380 311 96278 49.95 1551.23 19720.85 132.61 84.31 1200
381 76 96354 8.39 281.63 3743.16 26.81 22.74 300
382 152 96506 20.55 687.30 9044.23 58.62 41.36 300
383 237 96743 28.85 1164.10 16058.57 90.96 45.58 300
384 293 97036 40.66 1466.51 19507.69 122.52 81.37 400
385 389 97425 32.32 2003.60 29707.43 131.70 58.53 0
386 105 97530 15.02 427.61 5328.26 49.85 28.41 300
387 152 97682 18.94 684.69 9170.31 60.03 34.67 300
388 154 97836 20.38 699.16 9353.55 54.79 37.11 300
389 262 98098 35.80 1307.26 17728.44 101.72 52.21 200
390 86 98184 11.24 350.67 4546.13 36.28 30.50 200
391 391 98575 42.73 2004.69 28298.40 153.06 68.24 0
392 340 98915 49.35 1710.17 22647.24 137.84 79.65 900
393 390 99305 45.66 2003.92 27788.00 161.03 81.05 300
394 280 99585 37.08 1388.22 18306.92 136.52 74.69 200
395 231 99816 27.77 1133.82 15517.67 95.49 50.19 300
396 391 100207 54.85 2002.93 26517.48 178.32 103.49 700
397 390 100597 47.64 2004.53 28117.94 139.77 70.22 100
398 390 100987 59.74 2002.94 26292.45 160.51 94.00 1100
399 388 101375 45.52 2005.08 28095.94 146.76 62.28 0
400 91 101466 9.51 370.20 5042.17 36.17 22.34 200
401 389 101855 58.29 2004.68 26637.87 155.13 77.62 500
402 92 101947 11.70 380.45 4953.11 35.84 25.05 300
403 388 102335 45.83 2000.13 28235.21 141.75 60.62 0
404 345 102680 53.10 1728.98 22580.57 133.23 69.55 1000
405 59 102739 7.87 187.39 2203.83 24.37 19.66 300
406 88 102827 11.08 321.74 4076.23 34.60 26.89 200
407 393 103220 49.61 2000.24 27576.35 155.95 69.77 0
408 392 103612 47.60 2004.31 27854.39 150.38 73.08 500
409 230 103842 25.91 1135.66 16172.39 77.00 41.84 400
410 151 103993 16.43 674.57 9447.07 49.82 31.24 200
411 384 104377 49.45 1962.15 26775.02 153.45 76.02 500
412 391 104768 47.19 2002.67 27880.95 151.19 66.38 0
413 106 104874 13.84 431.12 5651.74 42.22 25.57 300
414 91 104965 11.31 367.96 4771.17 35.21 26.86 300
415 215 105180 22.39 1016.52 14236.53 84.83 47.08 200
416 349 105529 45.18 1761.75 23745.44 148.40 94.12 600
417 392 105921 61.83 2004.06 25922.74 164.86 100.80 1100
418 191 106112 23.17 896.37 12268.82 75.31 39.82 200
419 225 106337 26.54 1066.66 14638.59 88.60 51.32 300
420 390 106727 64.84 2002.34 25575.66 177.38 100.24 1500
421 184 106911 25.63 872.37 11351.43 85.91 58.58 300
422 393 107304 50.21 2003.81 27427.92 164.71 76.03 0
423 253 107557 27.76 1220.78 17013.72 101.28 41.98 200
424 393 107950 43.98 2000.55 28386.14 138.23 68.12 0
425 367 108317 46.99 1876.37 25581.51 150.89 78.34 700
426 388 108705 41.55 2002.67 28414.43 156.54 69.53 0
427 388 109093 40.91 2001.37 28672.76 153.29 59.47 0
428 389 109482 45.33 2002.91 28209.11 146.33 64.01 0
429 390 109872 45.98 2002.22 28351.66 142.08 58.51 0
430 388 110260 44.08 2003.71 28133.34 153.74 78.29 400
431 388 110648 36.38 2001.42 29228.09 139.40 57.88 0
432 391 111039 48.09 2005.05 28076.77 146.00 77.56 900
433 185 111224 31.52 852.69 10865.87 70.97 27.95 300
434 389 111613 46.60 2003.43 28087.36 140.52 57.39 0
435 393 112006 55.21 2004.31 26957.09 163.53 87.48 500
436 121 112127 12.72 516.15 6998.91 50.58 30.69 400
437 390 112517 61.58 2001.95 26159.39 164.02 77.66 400
438 280 112797 35.12 1342.78 18399.16 106.94 58.85 300
439 146 112943 19.36 653.60 8650.60 57.79 29.48 600
440 390 113333 55.22 2000.32 27225.57 145.94 63.85 0
441 118 113451 12.82 490.59 6636.91 51.83 30.59 300
442 207 113658 28.63 981.15 12914.36 90.48 59.72 400
443 390 114048 49.04 2003.33 27538.97 159.30 80.79 0
444 102 114150 9.78 398.50 5491.02 39.87 25.22 300
445 392 114542 51.73 2000.46 27361.86 162.91 69.41 200
446 387 114929 45.63 2001.76 28038.48 149.49 62.58 0
447 179 115108 20.93 841.28 11459.16 79.65 43.28 300
448 392 115500 40.80 2001.85 28505.92 156.96 59.79 0
449 388 115888 52.33 2002.24 27295.13 160.32 80.76 500
450 392 116280 45.56 2001.39 28047.18 154.32 66.19 0
451 215 116495 26.19 1054.48 14570.53 83.47 53.48 400
452 86 116581 10.49 342.75 4496.69 34.49 27.06 300
453 393 116974 48.42 2001.26 27902.08 148.31 52.53 0
454 111 117085 14.38 449.13 5944.60 42.35 18.84 400
455 85 117170 10.70 317.42 4072.60 37.30 29.65 200
456 389 117559 44.54 2003.57 28390.05 147.26 54.63 0
457 393 117952 49.53 2002.90 27448.28 175.57 78.57 800
458 114 118066 12.41 470.78 6397.39 45.71 27.68 300
459 387 118453 33.07 2002.03 29337.73 147.97 58.12 0
460 106 118559 14.84 400.50 5140.46 44.34 26.17 200
461 89 118648 10.10 341.65 4513.85 36.30 26.57 300
462 199 118847 29.41 939.95 11994.08 91.82 62.67 800
463 144 118991 21.18 657.98 8435.76 61.82 32.52 300
464 205 119196 42.01 972.76 11265.08 95.61 60.72 1200
465 388 119584 42.26 2004.38 28687.69 146.74 60.30 0
466 335 119919 48.26 1689.74 22871.59 127.30 52.42 300
467 229 120148 27.85 1107.13 15048.68 96.02 48.05 300
468 231 120379 32.81 1101.33 14512.70 99.44 58.56 300
469 255 120634 35.17 1237.48 16628.02 96.89 39.25 500
470 392 121026 52.09 2002.90 27468.40 155.06 71.02 0
471 367 121393 47.35 1854.10 25405.85 152.49 69.53 200
472 223 121616 28.14 1098.67 14912.75 93.44 55.47 300
473 254 121870 27.26 1218.23 17096.08 95.12 52.95 300
474 389 122259 43.07 2000.59 28425.70 147.22 63.38 100
475 398 122657 54.74 2002.26 27429.26 150.05 42.73 0
476 243 122900 35.06 1182.07 15492.77 105.90 55.08 300
477 262 123162 34.20 1290.93 17380.15 112.95 53.26 300
478 251 123413 43.65 1217.16 14978.74 110.62 76.43 1300
479 96 123509 9.93 365.09 5001.31 31.26 22.79 300
480 219 123728 44.02 1050.24 12051.69 106.42 81.56 1400
481 313 124041 41.28 1572.02 21558.55 126.65 53.91 300
482 158 124199 16.85 726.15 9919.79 66.00 31.26 200
483 92 124291 10.73 366.11 4814.96 39.53 27.72 300
484 153 124444 15.82 672.30 9313.54 58.43 36.03 300
485 395 124839 52.32 2004.26 27289.95 158.72 74.07 800
486 388 125227 50.23 2002.63 27517.88 157.18 56.85 200
487 399 125626 61.71 2004.05 26313.37 162.28 77.47 1000
488 295 125921 39.59 1465.84 19831.97 114.19 68.32 500
489 268 126189 33.53 1337.38 18300.90 110.53 57.74 200
490 289 126478 35.66 1443.25 19653.88 119.34 62.18 300
491 392 126870 50.38 2004.62 27217.24 177.60 80.10 900
492 152 127022 20.53 703.15 9428.12 57.70 28.83 400
493 134 127156 15.01 601.25 8140.36 52.73 33.78 300
494 158 127314 19.25 726.62 9649.66 70.84 49.47 300
495 242 127556 34.94 1175.65 15480.25 97.68 52.85 700
496 392 127948 40.44 2004.23 28616.69 158.77 72.25 200
497 190 128138 21.24 917.70 12577.65 82.84 37.22 200
498 389 128527 47.78 2001.76 27792.98 152.77 69.00 0
499 392 128919 39.65 2001.65 28704.86 149.44 71.70 300
500 75 128994 10.78 296.05 3698.20 30.96 17.79 400
501 389 129383 46.14 2004.40 28413.15 139.18 48.22 0
502 261 129644 33.20 1284.70 17553.16 107.51 59.76 300
503 379 130023 39.32 1947.53 27862.13 137.84 58.93 300
504 151 130174 21.86 708.93 9168.06 64.24 36.22 300
505 175 130349 24.51 833.93 10907.59 71.87 35.26 500
506 387 130736 44.60 2001.10 28031.41 154.71 81.34 0
507 265 131001 34.96 1315.89 18142.78 93.17 48.35 300
508 388 131389 44.95 2002.88 28058.81 157.33 63.97 100
509 383 131772 59.32 1969.88 25578.10 180.96 87.11 700
510 299 132071 45.54 1512.30 19693.91 127.52 58.52 1200
511 140 132211 14.23 630.69 8755.36 58.32 33.28 300
512 389 132600 43.57 2001.74 28252.45 151.62 63.93 0
513 307 132907 45.89 1525.55 20051.47 137.54 75.43 500
514 291 133198 39.23 1460.49 19631.80 123.33 57.52 300
515 390 133588 47.62 2004.21 27771.29 167.53 67.41 0
516 388 133976 48.02 2003.42 28154.87 139.01 47.40 0
517 391 134367 39.98 2003.15 28617.29 162.73 61.76 0
518 388 134755 41.87 2003.43 28637.21 154.41 51.47 0
519 389 135144 41.13 2003.21 28594.08 151.88 50.54 0
520 390 135534 50.41 2002.41 27632.85 158.32 67.01 300
521 387 135921 42.07 2003.10 28604.01 149.75 58.47 0
522 50 135971 7.69 128.08 1335.48 24.06 18.99 300
523 386 136357 42.89 2000.23 28296.87 151.45 53.44 0
524 392 136749 50.42 2003.81 27691.42 165.80 64.13 0
525 388 137137 39.26 2000.12 28921.77 144.85 49.99 0
526 389 137526 51.70 2004.46 27507.38 149.05 57.26 0
527 85 137611 11.08 308.62 3754.27 40.09 28.00 200
528 327 137938 41.87 1640.65 22001.18 139.98 84.05 700
529 391 138329 65.26 2003.94 25499.01 178.59 111.76 900
530 394 138723 46.38 2001.36 28183.61 149.84 60.54 0
531 390 139113 55.62 2000.93 27002.97 164.88 77.37 700
532 44 139157 8.48 97.80 905.90 23.45 18.92 300
533 222 139379 26.13 1068.43 14703.74 95.08 38.51 200
534 393 139772 48.38 2005.32 28039.36 153.16 54.72 0
535 318 140090 43.45 1611.97 21852.11 127.93 63.04 300
536 53 140143 6.38 164.93 1957.16 23.64 19.54 300
537 148 140291 20.86 691.50 8991.19 66.94 44.01 300
538 367 140658 44.11 1883.85 26139.77 148.23 64.02 300
539 86 140744 11.09 316.71 3890.62 37.59 28.77 300
540 391 141135 43.65 2001.98 28319.62 160.22 60.14 0
541 223 141358 33.58 1065.91 13705.64 96.77 59.01 800
542 78 141436 9.68 270.34 3348.88 32.50 19.68 300
543 220 141656 23.36 1069.12 15005.95 87.84 47.65 200
544 391 142047 44.61 2000.39 28043.59 160.26 68.83 0
545 386 142433 50.68 2003.96 27768.30 150.01 48.69 0
546 354 142787 50.36 1801.11 24353.79 139.66 60.56 400
547 83 142870 9.04 308.32 4105.40 37.07 22.89 300
548 244 143114 34.26 1176.19 15724.71 95.38 51.43 300
549 392 143506 44.15 2002.47 28271.27 156.59 56.81 0
550 311 143817 35.98 1551.49 21767.52 122.81 54.02 300
551 223 144040 27.23 1066.03 14426.24 98.39 55.73 200
552 339 144379 52.07 1727.72 22464.29 151.84 83.48 1400
553 369 144748 52.02 1899.79 25381.54 160.29 78.78 300
554 163 144911 19.01 755.33 10309.38 65.56 30.90 200
555 306 145217 38.84 1550.76 20988.14 137.55 72.62 700
556 282 145499 41.68 1422.10 18726.03 125.85 53.65 400
557 388 145887 45.40 2003.52 27912.51 166.62 76.69 0
558 256 146143 37.11 1267.14 16953.52 106.94 48.83 300
559 387 146530 40.56 2005.42 28375.69 162.58 72.32 0
560 386 146916 52.51 2003.84 27716.73 140.20 60.86 0
561 389 147305 43.35 2003.27 28537.16 142.69 62.86 0
562 390 147695 48.55 2000.72 27793.39 167.90 74.38 200
563 392 148087 49.70 2004.09 28030.01 143.42 56.29 0
564 223 148310 27.13 1067.70 14536.35 92.52 46.58 300
565 385 148695 42.25 2001.11 28275.56 152.01 74.17 500
566 262 148957 33.13 1302.09 17968.90 100.86 50.46 300
567 300 149257 41.45 1513.40 20317.36 128.16 74.52 300
568 388 149645 50.26 2000.63 27447.28 163.28 74.61 0
569 213 149858 31.71 1033.11 13530.53 88.01 41.73 300
