0 38 38 10.65 58.55 275.24 9.26 27.44 500
1 151 189 43.84 379.00 3713.37 36.23 35.70 1400
2 82 271 12.57 135.56 1582.70 17.54 11.18 500
3 149 420 35.90 410.46 4529.15 29.60 24.09 1200
4 79 499 12.85 156.78 1827.08 15.43 5.54 500
5 120 619 40.26 342.13 2521.88 55.97 46.22 800
6 75 694 56.22 348.03 7.12 67.78 57.96 5000
7 69 763 51.34 315.63 -17.73 63.08 52.62 4600
8 77 840 44.98 346.59 1276.33 45.84 51.66 2600
9 87 927 30.88 334.40 2976.67 35.35 35.42 300
10 74 1001 18.62 305.94 3256.60 21.01 18.61 300
11 75 1076 14.61 314.63 3762.77 14.82 14.46 600
12 155 1231 44.40 784.90 8158.92 34.31 30.24 1400
13 73 1304 11.45 330.63 4233.98 17.08 15.45 400
14 75 1379 13.63 339.40 4146.44 19.29 20.18 300
15 203 1582 47.38 1052.76 12496.72 47.71 39.86 1400
16 72 1654 14.63 326.33 3903.94 16.33 13.49 600
17 216 1870 58.54 1117.49 12492.87 59.39 53.75 1700
18 165 2035 37.70 842.14 9877.58 43.01 32.74 500
19 90 2125 21.46 428.85 4619.00 28.55 24.36 800
20 154 2279 37.34 776.59 8698.69 49.55 40.82 1000
21 375 2654 69.59 2002.05 25616.08 108.80 65.85 1000
22 375 3029 50.50 2005.06 27684.63 114.46 68.79 0
23 61 3090 17.88 263.40 2420.66 25.66 14.91 700
24 273 3363 42.45 1434.40 19268.06 88.78 65.09 300
25 257 3620 33.24 1350.68 18651.59 89.75 55.88 300
26 374 3994 42.53 2001.10 28421.06 129.56 73.57 0
27 250 4244 39.22 1309.11 17014.41 106.77 72.09 600
28 83 4327 10.53 385.33 5177.15 34.33 24.76 200
29 375 4702 50.18 2003.91 28053.24 122.64 61.81 0
30 112 4814 15.11 541.70 7262.53 49.79 33.70 300
31 381 5195 59.45 2000.84 26592.97 167.97 72.16 0
32 379 5574 67.29 2004.81 26556.24 141.49 67.04 0
33 381 5955 71.89 2001.11 25629.09 144.51 78.99 0
34 295 6250 50.19 1528.61 20130.43 108.73 80.22 300
35 379 6629 60.61 2000.30 27167.34 116.14 64.10 0
36 380 7009 71.35 2000.10 25580.91 143.05 98.49 900
37 379 7388 60.12 2001.60 26734.38 142.14 85.97 0
38 163 7551 29.43 806.00 10166.86 62.84 39.79 600
39 312 7863 59.82 1622.42 20445.13 123.26 89.46 1400
40 379 8242 55.51 2000.19 27352.06 129.89 64.76 100
41 241 8483 39.69 1226.64 16108.80 88.64 58.41 300
42 380 8863 50.10 2005.37 28140.00 128.95 62.98 0
43 240 9103 34.38 1232.56 16672.40 89.76 48.02 300
44 380 9483 56.77 2005.16 27097.41 142.02 58.33 0
45 381 9864 62.39 2004.31 26343.27 148.79 93.22 0
46 380 10244 61.13 2003.91 26915.47 132.11 63.03 0
47 379 10623 52.90 2004.32 27578.80 139.76 62.07 0
48 379 11002 62.69 2000.24 26195.32 154.33 77.84 0
49 379 11381 62.97 2004.61 26591.80 137.16 71.98 200
50 114 11495 20.46 540.03 6529.45 58.97 41.20 300
51 379 11874 48.34 2004.78 28018.55 139.52 60.26 0
52 245 12119 31.71 1269.14 17573.88 95.69 62.80 300
53 380 12499 54.55 2004.09 27621.76 127.49 52.54 0
54 324 12823 74.22 1682.53 19442.66 156.49 100.17 2200
55 381 13204 53.35 2002.45 27617.71 135.32 67.84 0
56 289 13493 39.72 1495.97 20542.16 102.59 63.81 300
57 167 13660 24.56 823.93 10716.43 67.79 42.10 400
58 348 14008 60.82 1821.70 23461.64 142.14 97.05 400
59 88 14096 12.17 387.89 5073.42 39.26 27.40 300
60 89 14185 15.92 390.02 4616.88 43.14 34.67 300
61 302 14487 42.10 1571.24 21548.34 111.16 52.67 400
62 245 14732 41.56 1261.77 16412.94 99.96 46.49 300
63 235 14967 33.46 1195.46 15938.76 100.75 55.55 300
64 86 15053 11.38 377.00 4998.00 31.05 21.26 300
65 73 15126 11.96 306.43 3762.19 33.26 20.49 300
66 370 15496 52.82 1948.10 26278.51 151.91 86.80 300
67 149 15645 15.24 733.83 10488.38 55.23 38.89 300
68 165 15810 25.39 813.33 10463.83 73.74 44.41 300
69 369 16179 39.52 1946.89 28060.90 130.82 58.24 300
70 190 16369 28.79 944.43 11972.72 93.06 57.76 600
71 342 16711 62.08 1777.68 22220.87 159.26 88.26 1300
72 381 17092 47.80 2005.55 28037.65 146.94 61.17 0
73 383 17475 55.19 2000.56 27339.34 140.91 73.56 800
74 327 17802 56.94 1689.56 21291.06 158.17 97.23 900
75 73 17875 8.67 299.78 3897.22 36.51 24.55 300
76 382 18257 67.68 2003.50 25645.18 161.57 89.14 1600
77 381 18638 48.94 2002.93 27621.37 162.94 62.31 0
78 385 19023 42.28 2004.58 28505.58 161.26 64.19 0
79 48 19071 7.07 155.86 1791.80 24.86 15.46 400
80 381 19452 43.42 2000.06 28221.11 154.09 65.00 0
81 101 19553 17.43 449.19 5332.14 50.31 40.45 300
82 157 19710 22.52 760.15 9848.45 73.41 42.42 300
83 91 19801 11.57 386.48 4973.32 51.80 29.77 300
84 385 20186 35.00 2003.50 29231.77 155.63 64.94 0
85 386 20572 57.37 2003.54 26782.29 175.59 68.33 1000
86 381 20953 41.77 1988.80 27757.08 186.87 80.72 400
87 384 21337 45.98 2000.57 27865.89 174.24 81.36 0
88 132 21469 14.16 609.88 8267.45 67.81 29.98 200
89 79 21548 12.32 339.59 4143.46 39.13 23.87 400
90 84 21632 11.73 365.75 4700.79 41.70 24.68 300
91 381 22013 49.53 2001.49 27340.45 181.27 71.05 0
92 123 22136 16.03 580.00 7632.34 60.53 37.40 300
93 304 22440 36.93 1572.64 21479.03 150.42 70.68 400
94 385 22825 42.34 2004.92 28280.73 178.43 63.56 0
95 380 23205 41.18 2001.55 28264.06 173.79 66.97 0
96 384 23589 43.64 2001.07 27818.56 192.42 62.15 0
97 380 23969 47.82 2000.78 27120.77 203.39 82.37 0
98 381 24350 49.72 2005.28 27131.10 184.19 73.74 700
99 48 24398 6.86 169.55 1973.49 25.94 17.78 200
100 203 24601 25.01 1003.82 13601.82 92.40 54.89 300
101 384 24985 43.61 2005.23 28073.15 175.36 54.22 0
102 224 25209 29.90 1142.48 15233.94 111.01 64.30 700
103 247 25456 33.05 1255.46 16763.77 115.18 51.99 300
104 195 25651 24.38 990.31 13495.93 87.03 43.98 300
105 380 26031 38.85 2001.09 28379.05 174.10 72.02 0
106 380 26411 41.70 2003.30 28237.88 173.95 59.19 0
107 380 26791 43.88 2001.69 28181.45 160.47 49.90 0
108 275 27066 31.26 1398.34 19625.90 121.40 50.76 300
109 79 27145 16.64 326.33 3414.39 44.23 22.61 400
110 218 27363 34.83 1102.37 14045.56 114.84 70.31 900
111 311 27674 35.37 1601.43 22241.69 142.04 53.16 300
112 381 28055 36.84 2000.92 28676.37 169.91 65.83 0
113 169 28224 18.32 841.77 11570.56 83.80 40.78 300
114 384 28608 52.72 2000.09 26713.66 184.31 76.28 0
115 158 28766 23.81 761.68 9937.37 73.11 33.79 300
116 83 28849 12.17 360.11 4486.08 43.39 30.00 300
117 382 29231 47.67 2000.66 27265.57 175.81 74.55 700
118 108 29339 14.66 494.47 6240.67 57.68 35.43 300
119 83 29422 9.30 360.84 4734.58 45.78 27.60 200
120 353 29775 40.45 1831.75 25415.82 161.20 75.54 300
121 383 30158 35.43 2004.92 29092.60 165.80 66.46 0
122 386 30544 40.04 2004.05 28767.97 155.94 54.43 0
123 256 30800 48.26 1274.25 15495.56 120.93 59.42 1200
124 381 31181 43.02 2002.13 28028.13 169.50 59.63 0
125 380 31561 31.49 2003.02 29403.80 157.00 61.29 0
126 383 31944 33.96 2003.74 28881.43 175.97 70.14 0
127 48 31992 8.35 161.09 1644.32 26.98 17.45 400
128 380 32372 42.53 2002.23 27989.77 169.23 57.06 0
129 389 32761 37.71 2000.89 28414.07 177.54 81.99 0
130 80 32841 8.60 326.17 4382.37 35.99 19.61 300
131 160 33001 22.96 786.81 10154.12 75.18 49.25 300
132 383 33384 46.96 2000.39 27744.93 153.68 68.89 500
133 52 33436 9.31 185.49 1943.84 31.99 21.06 300
134 99 33535 13.50 445.76 5675.01 52.01 32.55 300
135 84 33619 9.98 370.22 4827.61 42.02 25.32 200
136 134 33753 12.08 622.45 8964.52 56.60 30.00 200
137 286 34039 28.66 1468.79 20801.78 125.71 54.93 300
138 298 34337 50.45 1536.65 19425.51 133.48 61.94 1800
139 93 34430 11.88 411.91 5309.55 48.89 26.96 300
140 168 34598 20.93 826.34 11256.27 70.39 38.37 200
141 148 34746 16.64 706.42 9639.19 66.46 30.48 300
142 386 35132 48.50 2002.37 27453.05 167.57 62.57 0
143 53 35185 8.87 179.90 1896.89 28.65 19.84 400
144 384 35569 46.11 2000.44 27420.27 174.46 90.23 200
145 175 35744 21.73 834.26 11248.85 72.95 39.05 300
146 236 35980 27.31 1176.25 16195.62 103.04 55.80 400
147 386 36366 42.64 2003.66 28018.67 169.07 70.22 0
148 383 36749 38.06 2001.69 28540.31 166.97 65.72 0
149 384 37133 41.24 2003.29 28266.32 161.59 51.70 100
150 313 37446 32.07 1600.62 22590.27 139.76 55.64 300
151 202 37648 22.63 1005.25 13677.88 101.38 47.63 300
152 144 37792 20.58 685.05 8941.86 71.29 33.23 700
153 153 37945 18.64 719.48 9460.20 71.70 42.80 300
154 296 38241 36.00 1524.60 21043.82 119.28 62.16 300
155 225 38466 23.00 1128.31 15880.17 96.76 43.08 400
156 375 38841 45.48 1939.94 26231.84 188.70 84.23 400
157 384 39225 32.31 2005.22 29111.80 169.35 63.99 0
158 382 39607 39.17 1978.23 28003.68 166.86 88.67 300
159 151 39758 18.73 709.40 9498.45 64.19 39.26 300
160 382 40140 47.20 2005.13 27493.28 162.49 91.91 300
161 387 40527 46.66 2000.74 27523.68 170.51 81.25 0
162 332 40859 41.05 1694.03 23164.06 150.51 61.61 700
163 340 41199 53.79 1733.30 22214.75 161.03 85.72 1500
164 176 41375 21.24 836.47 11151.89 84.27 46.27 300
165 207 41582 20.76 1025.33 14334.24 94.17 45.22 300
166 152 41734 18.21 731.96 9840.50 68.87 32.76 300
167 142 41876 14.72 667.27 9269.46 64.28 30.67 300
168 156 42032 28.61 744.55 8742.44 79.68 49.55 1100
169 90 42122 9.77 390.10 5356.08 39.50 20.25 400
170 127 42249 12.75 581.17 8062.14 55.93 35.07 200
171 131 42380 15.06 610.63 8257.63 57.18 29.33 300
172 249 42629 26.24 1259.98 17669.49 109.43 43.32 400
173 383 43012 49.29 1992.06 26716.06 176.47 77.18 300
174 108 43120 15.04 477.41 6102.77 52.04 29.24 300
175 384 43504 38.67 2002.73 28233.18 177.52 66.43 0
176 391 43895 32.12 2001.68 29108.52 171.63 56.16 0
177 76 43971 11.01 319.60 3910.45 34.26 21.13 300
178 384 44355 48.08 2003.58 27313.34 177.75 72.22 0
179 46 44401 7.65 147.00 1527.19 27.24 16.99 400
180 292 44693 37.89 1483.66 19686.59 139.48 75.04 700
181 381 45074 37.53 2003.37 28684.55 162.35 58.26 0
182 330 45404 41.13 1680.24 23106.20 138.13 70.27 300
183 384 45788 51.88 2000.42 27140.39 168.02 75.30 0
184 387 46175 39.12 2000.25 28197.20 180.31 85.01 0
185 322 46497 40.20 1645.51 22390.15 143.49 69.69 300
186 84 46581 10.31 346.39 4471.36 41.60 28.97 300
187 386 46967 58.80 2005.20 26253.14 170.72 76.01 700
188 317 47284 42.78 1635.54 21674.15 162.09 69.83 600
189 237 47521 34.03 1179.69 15324.62 111.88 53.76 500
190 382 47903 40.44 2003.84 28211.71 165.40 68.03 0
191 212 48115 24.08 1049.68 14122.33 108.61 62.10 300
192 85 48200 8.62 351.50 4746.01 40.75 22.99 300
193 384 48584 48.16 2000.19 27170.92 169.65 68.22 500
194 123 48707 19.10 578.14 7285.45 58.38 24.11 400
195 386 49093 42.50 2000.65 27764.38 177.54 64.06 0
196 302 49395 34.79 1541.35 21189.67 135.04 67.33 300
197 163 49558 21.03 788.76 10437.31 77.20 37.73 300
198 224 49782 30.43 1110.85 14753.81 95.37 46.18 700
199 384 50166 50.86 2005.20 27272.54 151.94 64.97 600
200 382 50548 38.50 2005.06 28307.46 187.53 71.04 0
201 383 50931 51.53 2001.59 26972.32 172.32 63.54 600
202 381 51312 39.34 2003.91 28188.46 172.79 80.49 0
203 382 51694 35.36 2000.05 28745.48 179.70 57.47 0
204 168 51862 21.11 818.78 10881.43 84.24 44.33 300
205 380 52242 40.05 2000.93 28160.31 174.24 52.71 0
206 383 52625 53.16 2001.16 26700.18 178.26 91.71 700
207 385 53010 47.90 2001.12 27283.05 180.64 87.14 600
208 332 53342 34.68 1696.85 23921.58 151.55 58.88 300
209 86 53428 12.14 357.78 4468.92 41.73 22.87 400
210 228 53656 32.56 1153.09 14888.05 110.46 56.69 300
211 385 54041 46.73 2003.81 27719.81 165.75 61.05 0
212 164 54205 25.20 789.37 10094.06 74.65 38.71 800
213 259 54464 36.66 1297.46 17235.85 110.28 48.48 300
214 356 54820 54.03 1822.52 23536.26 168.14 93.65 1100
215 380 55200 45.42 2002.51 27409.72 181.60 85.94 0
216 86 55286 10.73 364.34 4630.51 46.29 27.02 300
217 381 55667 40.80 2002.09 28225.69 165.28 73.37 0
218 104 55771 16.44 467.77 5769.43 52.52 32.26 300
219 381 56152 48.84 2000.78 27054.90 177.13 69.93 0
220 384 56536 41.48 2001.13 27754.27 186.55 78.10 0
221 150 56686 23.92 713.82 8926.33 73.21 43.85 400
222 383 57069 45.34 2004.97 27488.46 186.81 63.86 0
223 385 57454 47.29 2004.60 27181.06 189.00 72.96 0
224 216 57670 27.34 1075.88 14429.77 103.89 38.28 300
225 87 57757 13.37 353.89 4293.59 42.57 20.40 400
226 358 58115 46.21 1855.63 24996.32 172.07 65.43 300
227 149 58264 20.79 712.09 9183.66 75.19 46.62 300
228 386 58650 41.79 2003.52 28240.47 156.86 63.31 0
229 386 59036 42.60 2002.75 28018.53 177.35 65.03 0
230 388 59424 43.37 2000.69 27532.34 182.97 71.07 0
231 336 59760 42.87 1724.28 23132.50 165.92 66.38 400
232 208 59968 28.89 1046.54 13751.63 93.73 57.76 700
233 143 60111 19.32 674.22 8758.62 67.92 40.44 300
234 160 60271 30.41 779.64 9318.46 74.35 37.22 700
235 186 60457 22.22 931.60 12690.77 84.48 47.93 300
236 384 60841 52.00 2002.00 26955.77 166.86 65.55 0
237 160 61001 18.77 739.56 10153.72 62.58 30.11 300
238 342 61343 41.50 1778.76 24231.71 160.99 72.93 300
239 201 61544 25.83 1006.73 13415.60 91.95 50.77 400
240 384 61928 45.61 2004.12 27308.34 184.09 85.56 0
241 298 62226 36.77 1535.61 20851.07 133.68 68.81 300
242 80 62306 9.03 324.10 4300.81 38.67 29.61 300
243 384 62690 47.79 2003.48 27292.87 170.32 73.60 200
244 294 62984 39.84 1490.89 19664.64 142.06 83.75 300
245 385 63369 51.32 2005.26 27020.38 167.40 66.67 0
246 387 63756 49.22 2004.46 27395.51 170.69 74.80 0
247 376 64132 54.56 1968.87 26011.30 164.87 71.84 400
248 383 64515 46.71 2001.06 27341.45 170.55 67.64 0
249 383 64898 47.75 2002.91 27022.62 180.64 89.68 0
250 382 65280 56.63 2003.84 26415.33 167.56 78.45 0
251 383 65663 57.10 2004.37 26749.93 162.01 50.57 0
252 385 66048 43.74 2004.02 27848.96 170.34 71.21 0
253 381 66429 48.63 2001.90 26850.67 173.95 93.84 100
254 125 66554 16.76 580.01 7414.95 67.81 46.70 300
255 122 66676 16.77 573.80 7506.71 60.31 22.63 600
256 382 67058 44.80 2001.96 27597.04 171.54 64.71 100
257 380 67438 48.14 2000.32 27233.17 166.93 72.93 300
258 267 67705 35.20 1371.16 18449.08 118.29 56.07 300
259 383 68088 42.41 2003.38 28057.23 163.34 61.40 0
260 87 68175 10.04 373.64 4929.91 40.74 22.46 300
261 380 68555 39.68 2002.84 28182.24 175.60 73.09 0
262 105 68660 12.80 475.49 6337.01 51.97 17.90 400
263 92 68752 11.97 404.74 5104.36 47.13 31.60 300
264 382 69134 42.00 2002.71 27974.64 170.15 67.21 0
265 383 69517 45.73 2004.21 27571.70 172.69 61.94 700
266 362 69879 47.87 1875.07 24964.41 180.82 75.49 1200
267 382 70261 42.08 2004.53 27967.60 174.40 82.00 700
268 397 70658 57.53 2004.72 26132.41 219.20 80.41 0
269 398 71056 52.34 2004.13 26763.79 210.71 63.96 0
270 136 71192 18.90 615.51 8006.74 74.00 37.05 300
271 140 71332 20.91 638.38 7994.65 79.60 38.09 300
272 158 71490 22.67 752.90 9641.90 84.80 45.51 300
273 391 71881 47.84 2005.27 27280.43 208.31 81.19 0
274 394 72275 47.35 2004.11 27214.38 213.38 87.42 0
275 209 72484 26.84 1011.83 13330.63 114.86 45.60 200
276 78 72562 11.15 307.92 3698.25 45.38 33.50 300
277 208 72770 31.28 1029.82 13080.98 110.42 50.05 200
278 358 73128 53.33 1828.52 23699.87 186.23 83.49 900
279 98 73226 18.68 412.72 4552.72 54.69 32.49 600
280 390 73616 43.51 2002.73 27600.58 197.38 78.19 0
281 388 74004 48.99 2005.25 27298.11 179.00 75.16 0
282 196 74200 32.61 955.65 12030.90 99.78 43.43 400
283 130 74330 18.81 600.29 7639.82 67.95 36.30 600
284 391 74721 54.53 2002.91 26524.39 191.85 85.57 200
285 95 74816 15.96 390.29 4641.87 49.84 23.90 300
286 389 75205 49.78 2003.54 26975.59 189.48 76.54 0
287 192 75397 34.44 920.07 10971.97 102.65 59.69 1100
288 225 75622 33.87 1131.32 14299.60 121.44 69.27 900
289 179 75801 26.04 871.90 11179.33 95.29 48.28 300
290 388 76189 49.85 2000.03 27187.88 175.74 76.21 0
291 270 76459 43.38 1355.83 16700.25 148.84 84.37 700
292 388 76847 56.66 2003.26 26260.58 176.95 84.70 600
293 226 77073 36.85 1110.67 14015.93 113.79 52.96 1000
294 81 77154 11.31 321.78 3933.53 40.45 25.01 300
295 142 77296 18.68 658.79 8750.84 64.23 31.85 300
296 342 77638 45.76 1760.61 23765.56 152.73 68.89 600
297 294 77932 43.97 1510.37 19607.31 143.72 62.03 400
298 386 78318 45.22 2004.39 27491.39 182.84 68.73 0
299 137 78455 18.55 631.30 8152.00 70.76 27.38 300
300 341 78796 42.60 1765.73 23825.02 161.47 74.82 300
301 384 79180 37.14 2001.21 28592.37 174.29 70.97 0
302 383 79563 46.64 2000.21 27227.07 185.89 78.03 300
303 191 79754 32.61 929.37 11371.48 99.79 58.51 900
304 245 79999 36.97 1232.95 15819.04 119.18 55.00 300
305 333 80332 44.12 1720.06 23328.82 154.58 59.78 400
306 333 80665 43.44 1724.81 22891.52 159.37 84.19 700
307 382 81047 47.61 2005.19 27324.88 171.53 77.11 500
308 385 81432 41.96 2001.67 27990.04 177.64 71.42 0
309 279 81711 44.19 1413.57 17969.53 140.79 69.99 800
310 386 82097 42.14 2002.71 27776.10 185.32 82.19 0
311 45 82142 8.58 143.74 1337.48 28.49 20.39 300
312 275 82417 35.73 1389.36 18560.02 137.62 56.65 300
313 382 82799 36.34 2000.35 28596.87 177.03 63.99 0
314 82 82881 11.07 336.14 4214.63 41.41 28.19 200
315 383 83264 39.37 2002.33 28189.92 186.42 63.52 0
316 350 83614 41.97 1813.01 24940.73 160.97 64.49 200
317 382 83996 50.75 2001.13 27171.43 163.68 75.74 600
318 39 84035 7.02 103.06 925.87 27.34 18.55 300
319 221 84256 32.20 1102.74 14067.25 113.51 67.12 300
320 249 84505 45.12 1258.31 15171.14 122.59 65.43 900
321 164 84669 24.35 805.53 10326.01 77.37 35.41 600
322 384 85053 45.41 2001.10 27573.69 175.42 63.22 0
323 384 85437 38.79 2002.39 28504.14 174.02 68.52 0
324 129 85566 19.16 574.12 7170.23 67.49 45.98 600
325 310 85876 36.27 1598.64 21747.41 155.09 60.34 200
326 58 85934 8.86 203.76 2305.29 32.25 17.36 300
327 237 86171 33.70 1181.76 15351.14 113.27 63.92 300
328 87 86258 10.76 335.47 4239.01 43.32 26.83 300
329 88 86346 11.83 372.43 4708.54 42.71 25.52 300
330 389 86735 43.72 2002.77 28115.68 160.68 63.13 0
331 289 87024 34.73 1460.89 20035.67 134.00 49.12 300
332 385 87409 48.03 2002.72 27518.70 168.24 63.61 0
333 387 87796 62.99 2005.07 25524.16 179.25 106.23 1200
334 162 87958 36.16 786.62 8341.44 88.44 58.85 1200
335 387 88345 48.95 2003.31 27411.82 170.96 52.82 100
336 384 88729 51.50 2004.96 26842.63 182.73 61.47 0
337 265 88994 44.14 1320.94 16526.14 129.49 72.38 900
338 205 89199 23.69 1018.46 13959.85 94.18 50.23 200
339 382 89581 45.29 2000.73 27687.36 166.77 70.69 300
340 328 89909 59.14 1700.21 21019.67 163.53 84.80 1300
341 382 90291 43.12 2004.35 27846.93 177.52 59.99 0
342 384 90675 45.36 2004.12 27788.93 170.16 71.93 0
343 386 91061 43.81 2001.85 27994.42 172.23 67.13 200
344 385 91446 47.57 2002.35 27498.41 169.77 65.55 300
345 385 91831 39.15 2004.63 28439.04 166.22 60.64 0
346 40 91871 6.96 108.52 1027.77 24.30 17.95 300
347 221 92092 24.59 1104.74 15338.90 101.46 37.51 200
348 383 92475 49.27 2002.86 27358.90 165.31 76.31 0
349 123 92598 19.64 573.49 7244.01 55.88 33.73 700
350 143 92741 20.50 676.50 8804.75 68.71 32.90 300
351 75 92816 10.44 313.06 3770.88 40.08 31.43 400
352 383 93199 40.34 2000.34 28522.53 155.72 64.01 100
353 381 93580 43.65 2001.72 27694.59 175.87 64.93 0
354 119 93699 14.35 530.66 7098.34 56.45 23.00 300
355 229 93928 29.57 1157.60 15632.08 107.61 47.10 500
356 311 94239 31.23 1613.44 22933.78 133.35 52.14 300
357 358 94597 56.06 1853.13 23790.58 170.19 98.53 800
358 387 94984 50.45 2003.01 27394.10 163.88 70.21 0
359 379 95363 41.08 2003.61 28684.23 141.26 55.19 0
360 295 95658 32.65 1524.40 21429.44 126.01 65.06 400
361 380 96038 62.88 2001.96 25780.72 169.15 86.28 1400
362 106 96144 25.83 478.89 4847.92 54.76 43.30 1100
363 379 96523 73.36 1967.07 23762.69 170.29 83.12 2200
364 274 96797 39.83 1403.99 18450.98 120.56 58.44 300
365 308 97105 38.72 1604.94 21968.05 122.12 47.08 300
366 158 97263 25.35 766.96 9520.02 75.10 34.52 300
367 229 97492 34.20 1165.92 15170.66 104.70 52.61 400
368 322 97814 50.02 1675.49 21813.29 146.47 75.81 1000
369 351 98165 62.99 1827.67 23125.80 137.61 88.26 1500
370 383 98548 43.01 2002.69 28282.27 161.28 55.83 0
371 107 98655 11.55 485.96 6599.87 51.41 22.27 300
372 381 99036 42.75 2000.10 28298.40 156.29 46.52 0
373 385 99421 48.81 2004.65 27501.40 165.74 61.16 0
374 216 99637 28.15 1081.60 14552.99 95.93 39.44 400
375 199 99836 23.63 993.21 13538.45 90.47 50.80 200
376 159 99995 22.86 778.54 9906.32 84.34 37.70 400
377 93 100088 10.69 410.04 5473.87 45.36 27.28 300
378 86 100174 11.60 369.94 4817.35 36.14 22.27 300
379 219 100393 29.60 1114.12 14947.72 96.36 52.89 700
380 381 100774 44.80 2002.63 27912.46 157.26 76.83 0
381 48 100822 10.88 166.70 1493.41 26.26 18.47 300
382 302 101124 43.62 1558.78 20634.64 132.86 57.81 300
383 380 101504 43.37 2001.80 28164.55 156.22 63.36 0
384 143 101647 22.21 694.18 8853.46 66.78 40.30 300
385 137 101784 17.20 643.07 8571.24 67.50 33.26 300
386 381 102165 54.02 2002.55 26525.89 177.87 82.48 200
387 380 102545 50.19 2001.48 27449.13 152.32 56.12 0
388 78 102623 11.50 317.33 3887.48 38.25 26.55 300
389 381 103004 57.46 2004.80 26339.19 173.00 76.30 900
390 381 103385 44.08 2001.07 27947.37 162.48 66.67 0
391 268 103653 36.30 1392.77 18725.45 122.44 52.83 300
392 128 103781 18.66 600.55 7611.67 62.40 31.18 200
393 81 103862 10.36 338.17 4299.12 41.07 29.12 300
394 142 104004 24.16 685.27 8478.84 70.33 34.91 400
395 92 104096 14.12 394.28 4816.64 46.97 29.05 300
396 381 104477 50.44 2000.17 27415.88 161.64 83.41 600
397 85 104562 11.79 367.84 4676.71 42.15 24.24 200
398 384 104946 45.61 2005.41 27890.89 166.91 51.61 0
399 382 105328 44.02 2000.82 27931.39 162.45 74.01 0
400 381 105709 58.10 2000.51 26202.33 173.68 84.99 500
401 249 105958 35.63 1266.01 16597.01 119.09 62.80 300
402 385 106343 58.73 2002.99 26056.84 182.68 78.15 1000
403 383 106726 58.41 2004.22 25682.40 196.79 118.26 1000
404 384 107110 45.80 2003.35 27854.82 172.90 68.74 0
405 121 107231 17.65 539.00 6766.35 63.14 31.03 600
406 380 107611 43.76 2004.20 28065.22 167.67 53.26 0
407 381 107992 53.28 2002.22 27133.79 154.55 59.45 1100
408 40 108032 6.53 124.34 1282.77 25.99 21.58 300
409 157 108189 24.04 783.97 10025.28 69.57 43.31 300
410 292 108481 40.48 1501.29 20112.24 123.31 59.21 300
411 157 108638 21.78 788.86 10510.41 66.71 36.95 300
412 383 109021 51.17 2001.11 27250.75 160.90 72.44 300
413 256 109277 35.12 1322.33 17813.26 104.44 57.00 400
414 382 109659 46.74 2003.16 27886.42 160.78 62.52 0
415 382 110041 52.42 2004.19 27167.74 160.79 73.43 700
416 380 110421 47.30 2003.06 27832.36 161.86 63.49 0
417 74 110495 12.72 315.85 3713.42 35.08 19.64 500
418 221 110716 32.01 1120.75 14600.90 106.72 54.15 700
419 380 111096 50.82 2001.68 27122.52 169.78 78.01 0
420 85 111181 10.74 360.85 4689.23 40.11 23.43 200
421 162 111343 23.03 794.10 10374.31 71.58 35.80 400
422 263 111606 34.81 1354.32 18102.00 125.39 66.35 1000
423 225 111831 29.13 1136.70 15244.95 111.53 52.06 300
424 382 112213 50.30 2002.94 27488.48 158.73 69.15 600
425 189 112402 33.25 941.06 11618.99 88.30 58.37 600
426 162 112564 20.83 802.25 10815.02 75.34 32.39 300
427 383 112947 40.70 2001.43 28603.76 150.88 63.23 0
428 384 113331 44.15 2003.94 28063.84 163.06 62.88 0
429 363 113694 53.60 1908.76 25353.96 161.41 81.30 300
430 215 113909 29.15 1090.53 14724.55 89.95 41.32 300
431 88 113997 9.97 393.82 5372.68 33.59 21.34 300
432 380 114377 39.10 2004.35 28569.14 164.97 64.80 0
433 86 114463 14.16 374.70 4515.29 39.54 24.57 400
434 378 114841 44.06 2002.23 28145.92 156.97 63.80 0
435 310 115151 42.72 1616.64 21900.66 132.39 57.91 400
436 236 115387 48.38 1205.37 14324.57 113.22 75.08 1700
437 125 115512 16.44 608.53 8065.43 57.26 28.70 300
438 83 115595 14.27 355.26 4074.73 42.32 25.38 500
439 385 115980 41.62 2001.89 28274.48 172.49 65.16 0
440 38 116018 7.40 107.19 928.93 23.87 17.11 200
441 343 116361 43.75 1795.74 24588.22 148.35 73.93 500
442 379 116740 40.35 2000.20 28705.72 150.34 51.18 0
443 48 116788 7.96 173.99 1878.41 28.16 15.94 300
444 379 117167 47.44 2004.53 28012.43 151.18 52.12 0
445 171 117338 22.14 834.52 11157.98 72.55 46.96 200
446 83 117421 11.78 362.16 4657.46 39.03 23.50 200
447 83 117504 9.46 363.17 4882.78 38.60 21.51 200
448 132 117636 13.31 626.33 8747.74 62.56 32.42 200
449 82 117718 11.08 354.53 4590.06 36.68 21.35 200
450 255 117973 33.03 1318.96 18194.36 98.16 37.26 300
451 380 118353 42.45 2003.83 28350.55 154.88 57.77 200
452 383 118736 59.07 2004.43 26518.58 170.00 84.57 1200
453 174 118910 25.72 864.46 11511.09 70.49 32.63 300
454 135 119045 25.49 650.69 7782.15 63.82 30.96 700
455 379 119424 44.33 2003.91 28206.93 157.41 60.14 0
456 381 119805 69.81 1998.62 25155.43 177.14 107.41 2500
457 125 119930 16.75 583.94 7680.75 54.17 31.05 400
458 263 120193 29.31 1352.67 18903.19 120.07 55.70 300
459 379 120572 38.99 2003.43 28588.37 158.66 68.30 0
460 117 120689 14.86 540.82 7171.43 53.10 28.23 200
461 379 121068 32.86 2002.17 29387.12 157.84 60.49 0
462 170 121238 19.43 809.52 10940.00 86.88 45.91 300
463 386 121624 59.20 1995.64 25381.98 229.35 112.79 1600
464 385 122009 38.48 2001.65 28279.99 202.12 58.73 0
465 384 122393 56.71 2001.55 26406.83 199.53 92.87 2100
466 124 122517 17.83 555.63 7015.75 71.46 29.77 600
467 387 122904 54.06 2002.84 26944.30 180.78 77.49 700
468 163 123067 17.65 813.29 11279.37 78.36 38.36 200
469 239 123306 33.19 1202.33 15591.12 132.64 66.04 800
470 381 123687 51.04 2002.11 26588.55 195.06 89.19 700
471 383 124070 33.90 2003.25 28733.15 194.63 68.63 0
472 47 124117 9.63 160.62 1479.37 29.09 21.47 300
473 383 124500 40.79 2000.31 28147.42 188.13 59.71 0
474 161 124661 36.80 751.85 7952.90 99.04 57.75 2000
475 82 124743 11.51 356.06 4404.97 44.88 27.65 300
476 384 125127 39.38 2001.58 28318.31 189.82 57.44 0
477 390 125517 43.45 2000.03 28058.91 179.78 56.01 100
478 205 125722 22.83 1023.23 14071.90 100.95 45.84 300
479 170 125892 21.98 838.16 11046.74 85.00 36.75 500
480 169 126061 19.81 827.41 11314.08 74.15 32.96 300
481 388 126449 38.61 2001.94 28425.83 174.42 64.80 0
482 381 126830 42.31 2003.55 28277.98 165.45 58.50 600
483 74 126904 10.57 296.61 3587.95 37.70 20.75 300
484 93 126997 11.91 425.48 5530.73 43.52 22.72 300
485 379 127376 35.20 2003.09 29293.65 152.33 52.16 0
486 249 127625 38.79 1258.72 16610.34 109.00 52.78 800
487 387 128012 51.20 2004.05 26939.52 193.12 89.69 0
488 386 128398 44.66 2004.23 27931.92 176.41 79.61 100
489 269 128667 31.15 1377.39 19051.18 118.15 64.49 300
490 259 128926 28.32 1338.82 18962.40 104.55 50.99 300
491 384 129310 40.71 2001.67 28428.75 158.68 71.29 0
492 383 129693 38.57 2004.07 29022.43 146.17 52.24 0
493 43 129736 7.81 130.91 1265.70 25.15 18.38 300
494 382 130118 33.68 2005.12 29504.28 149.23 47.06 0
495 322 130440 41.92 1675.98 22936.82 132.69 72.88 900
496 262 130702 33.44 1341.90 18278.25 111.54 51.13 300
497 75 130777 8.62 295.93 3862.10 33.36 27.56 300
498 380 131157 45.06 2005.36 28249.62 149.19 62.01 0
499 267 131424 40.23 1357.43 17965.12 110.02 54.54 700
500 384 131808 47.78 2000.47 27936.47 150.40 63.90 0
501 183 131991 22.94 907.55 12349.43 71.35 40.50 600
502 385 132376 42.73 2000.56 28297.30 157.87 64.96 0
503 262 132638 36.39 1347.28 18059.62 111.41 62.45 700
504 57 132695 8.23 184.02 2079.54 27.48 20.74 300
505 383 133078 45.44 2002.88 28093.95 149.80 69.71 0
506 383 133461 39.81 2004.48 28824.83 149.13 47.43 0
507 92 133553 12.22 400.74 5244.64 38.16 23.24 400
508 250 133803 35.63 1267.46 16759.72 110.19 42.64 900
509 317 134120 36.51 1614.43 22570.32 133.86 59.53 200
510 319 134439 40.77 1637.45 22503.70 134.13 58.75 300
511 159 134598 26.99 780.91 9685.37 71.31 36.39 700
512 381 134979 40.90 2000.64 28392.33 159.04 70.83 0
513 329 135308 47.32 1687.09 22317.36 147.78 90.48 400
514 160 135468 21.99 781.07 10564.62 67.00 38.17 300
515 382 135850 38.60 2005.13 28899.10 151.98 59.37 0
516 160 136010 23.01 779.91 10158.64 63.64 40.02 400
517 152 136162 21.33 749.47 9800.39 67.98 50.20 300
518 233 136395 38.83 1166.21 14654.51 109.19 54.95 800
519 382 136777 39.06 2000.72 28760.89 149.98 51.16 0
520 382 137159 41.57 2004.66 28754.60 138.60 55.84 0
521 383 137542 43.17 2002.65 28351.75 148.16 62.66 0
522 382 137924 36.80 2001.38 29176.31 141.07 58.75 0
523 77 138001 9.99 298.66 3824.53 33.14 21.53 300
524 380 138381 47.61 2003.09 28025.12 139.80 48.91 0
525 92 138473 12.40 399.14 5260.57 34.73 21.71 400
526 389 138862 54.10 2004.55 27131.63 157.18 74.36 400
527 346 139208 43.97 1794.19 24713.11 136.53 66.05 400
528 387 139595 60.53 2002.74 26401.62 160.04 74.88 1500
529 287 139882 35.96 1487.46 20436.55 119.26 68.61 300
530 309 140191 38.93 1568.77 21667.38 128.07 58.35 300
531 386 140577 42.90 2002.10 28297.17 153.61 64.70 100
532 262 140839 43.21 1307.11 16735.94 117.81 60.75 500
533 386 141225 66.01 2004.93 25451.44 174.42 93.67 2000
534 386 141611 55.04 2002.98 26782.14 169.11 85.05 700
535 137 141748 24.37 637.36 7646.90 64.93 43.62 400
536 385 142133 50.75 2004.97 27420.01 156.15 68.50 800
537 312 142445 46.03 1592.59 21064.48 136.31 73.28 300
538 387 142832 41.92 2003.94 28132.81 171.25 59.03 0
539 337 143169 50.17 1718.98 22778.71 149.86 71.64 400
540 382 143551 45.75 2003.05 27750.50 161.27 70.47 0
541 384 143935 45.09 2003.58 28480.98 147.35 50.61 0
542 386 144321 53.10 2003.51 27266.96 156.95 65.33 700
543 263 144584 32.20 1331.41 18300.76 110.59 57.56 200
544 383 144967 49.27 2000.21 27505.29 164.27 72.26 0
545 376 145343 54.46 1939.22 25888.34 153.21 70.52 300
546 78 145421 10.65 331.13 4193.01 35.24 30.33 300
547 384 145805 39.37 2001.53 28831.50 150.45 62.49 100
548 48 145853 6.82 142.76 1674.22 21.95 15.21 300
549 85 145938 11.38 358.58 4509.83 40.61 25.86 200
550 389 146327 58.06 2002.62 26628.08 171.86 87.36 1100
551 132 146459 19.13 602.00 7903.96 52.96 27.69 300
552 145 146604 22.21 674.91 8575.53 64.02 41.75 600
553 237 146841 33.74 1198.85 15956.46 104.17 51.28 400
554 149 146990 21.50 695.48 8911.37 68.41 36.24 300
555 285 147275 35.49 1456.88 20279.28 114.15 41.28 500
556 287 147562 48.27 1452.79 18416.25 127.92 79.92 700
557 363 147925 52.10 1881.97 25054.02 156.64 83.10 800
558 179 148104 18.63 873.87 12432.50 65.58 32.53 300
559 380 148484 47.08 2000.61 27949.34 147.74 56.08 0
560 386 148870 42.21 2000.72 28345.79 157.77 61.03 0
561 181 149051 22.45 864.12 11681.21 83.57 38.69 500
562 261 149312 34.62 1334.28 18338.29 103.58 51.06 400
563 225 149537 29.45 1141.42 15579.09 89.31 42.39 300
564 201 149738 28.11 989.22 12967.16 98.45 52.94 200
