0 41 41 9.28 77.50 468.52 7.22 14.92 600
1 85 126 18.74 179.80 2016.99 15.20 17.04 800
2 81 207 14.37 141.32 1657.41 14.63 9.75 500
3 133 340 24.08 350.77 4253.39 26.59 21.71 700
4 75 415 10.31 140.08 1794.43 15.70 18.74 400
5 87 502 10.12 177.98 2408.85 16.25 11.54 500
6 76 578 16.56 216.03 2135.12 22.45 18.60 700
7 73 651 52.95 315.23 -172.30 61.24 65.53 4400
8 66 717 48.84 286.62 -310.01 58.84 60.13 4400
9 71 788 53.21 314.91 -236.37 62.07 63.86 4600
10 126 914 20.72 361.06 4553.05 31.51 29.18 500
11 71 985 9.22 241.19 3103.02 14.70 11.73 300
12 72 1057 14.38 302.58 3545.94 15.97 12.77 400
13 74 1131 17.16 334.42 3808.30 18.25 15.62 600
14 68 1199 14.60 302.20 3554.65 18.23 17.19 300
15 184 1383 62.68 937.62 8632.57 50.73 63.76 2400
16 67 1450 14.38 295.48 3289.21 18.87 19.57 300
17 79 1529 20.31 363.16 4068.82 19.84 12.55 900
18 120 1649 36.00 584.94 5594.47 33.83 38.20 1000
19 78 1727 15.04 359.09 4373.83 20.30 14.53 500
20 360 2087 118.29 1913.50 19548.37 83.50 74.04 3700
21 163 2250 41.36 831.96 9327.26 43.14 29.32 1900
22 376 2626 74.60 2003.91 24983.20 116.58 72.43 1700
23 64 2690 11.00 279.57 3355.98 23.11 16.73 300
24 84 2774 15.13 397.65 4897.22 28.93 25.31 400
25 373 3147 49.54 1990.78 27242.06 133.71 74.99 300
26 354 3501 38.87 1873.43 26461.22 124.56 65.13 300
27 144 3645 25.19 719.62 8822.62 69.12 43.62 300
28 376 4021 56.01 2000.96 26550.62 151.59 82.20 400
29 376 4397 54.19 2000.77 26970.72 149.15 62.12 0
30 80 4477 11.64 366.25 4687.06 34.41 23.55 300
31 377 4854 61.17 2004.73 26141.95 161.55 71.31 0
32 36 4890 6.04 124.07 1300.51 19.94 19.24 300
33 376 5266 59.91 2003.71 26171.68 159.01 91.55 900
34 374 5640 43.62 2001.38 28314.28 142.48 71.62 0
35 47 5687 12.53 179.38 1373.10 27.25 27.36 600
36 345 6032 54.77 1828.44 23839.23 157.87 95.72 300
37 289 6321 41.26 1524.70 20424.61 128.28 62.60 500
38 125 6446 23.62 614.24 7560.84 52.22 31.53 400
39 146 6592 26.08 729.11 9021.40 70.01 31.22 400
40 152 6744 19.74 764.42 10189.88 70.80 41.03 300
41 74 6818 12.96 318.57 3751.66 37.87 23.04 300
42 140 6958 23.78 693.65 8499.89 78.52 39.69 500
43 220 7178 29.10 1130.48 15216.77 102.92 66.53 300
44 103 7281 16.71 486.31 6190.86 44.39 25.23 400
45 343 7624 55.47 1794.87 22811.42 175.48 84.71 400
46 77 7701 14.60 333.34 3749.64 44.02 28.84 300
47 199 7900 38.96 986.50 11508.70 110.43 58.27 400
48 343 8243 60.65 1784.51 22451.65 163.31 75.25 300
49 80 8323 15.76 333.53 3691.04 44.40 33.49 300
50 382 8705 63.44 2003.75 25991.74 176.27 80.17 0
51 383 9088 80.25 2003.28 24072.88 186.03 90.84 1300
52 147 9235 27.49 714.49 8636.93 76.59 42.08 300
53 208 9443 38.92 1034.39 12603.82 99.24 60.48 300
54 383 9826 72.06 2004.02 24807.57 185.51 79.79 0
55 168 9994 30.07 829.07 10284.16 77.78 50.04 200
56 79 10073 14.19 331.57 3899.20 37.71 28.29 300
57 385 10458 79.14 2005.31 24239.58 195.04 101.09 200
58 237 10695 51.46 1191.20 14151.35 107.82 72.36 200
59 380 11075 72.76 2002.87 24989.76 169.53 91.25 0
60 295 11370 55.97 1532.43 19172.44 132.18 76.14 200
61 341 11711 61.21 1782.78 22389.35 160.18 89.35 400
62 210 11921 38.30 1058.59 13215.65 92.58 57.09 200
63 87 12008 19.16 388.87 4344.11 42.12 28.43 300
64 95 12103 17.52 434.84 5153.87 44.92 31.36 300
65 228 12331 42.44 1165.61 14459.97 95.66 57.35 300
66 211 12542 42.70 1074.15 13103.61 91.97 48.55 300
67 379 12921 70.59 2002.31 25216.37 159.62 73.06 0
68 382 13303 77.68 2003.95 24283.39 167.96 95.65 800
69 85 13388 13.50 370.10 4670.50 33.62 25.19 300
70 382 13770 70.51 2005.03 25416.77 161.56 83.31 0
71 324 14094 60.97 1687.38 20820.04 155.39 88.70 400
72 380 14474 68.06 2000.01 25420.29 158.34 73.45 0
73 382 14856 66.21 2004.55 25577.66 173.02 91.93 0
74 383 15239 62.10 2005.03 26228.90 156.55 67.67 0
75 53 15292 12.72 193.97 1937.89 22.93 19.60 300
76 380 15672 54.36 2001.02 27149.95 145.81 68.00 0
77 89 15761 22.09 381.81 3903.90 40.69 22.70 400
78 233 15994 37.19 1186.96 15258.52 101.11 61.08 700
79 382 16376 53.30 2003.16 27125.62 159.73 79.56 0
80 188 16564 33.32 922.65 11686.02 75.20 47.69 300
81 134 16698 17.14 638.27 8657.53 52.68 30.77 300
82 246 16944 34.44 1247.30 16577.53 110.42 64.78 200
83 218 17162 26.44 1098.87 14924.25 96.66 54.08 200
84 345 17507 50.47 1790.59 24148.83 129.38 65.26 300
85 384 17891 54.44 2000.66 26660.49 171.43 85.31 0
86 165 18056 22.28 806.84 10686.60 70.68 44.83 300
87 248 18304 35.63 1257.06 16778.96 97.22 50.89 300
88 279 18583 43.49 1422.18 18517.97 120.20 66.16 300
89 384 18967 55.01 2004.14 27092.30 147.48 67.03 0
90 386 19353 52.27 2002.76 27085.84 165.25 92.71 0
91 382 19735 49.49 2000.60 27495.04 158.76 62.15 0
92 383 20118 53.32 2002.11 27169.54 151.46 63.20 0
93 79 20197 13.58 320.06 3765.22 35.69 25.78 300
94 384 20581 53.70 2002.85 26527.62 176.73 88.63 0
95 382 20963 58.66 2000.32 26430.50 167.40 83.15 0
96 84 21047 13.68 362.98 4498.65 31.18 25.52 300
97 363 21410 58.05 1898.39 24630.83 158.74 92.97 300
98 336 21746 56.67 1739.24 22107.02 148.90 88.53 300
99 220 21966 40.86 1098.21 13611.01 97.59 60.59 300
100 383 22349 58.86 2000.45 26392.63 159.79 80.78 0
101 107 22456 20.81 480.75 5614.13 47.59 31.63 400
102 224 22680 37.75 1124.93 14184.10 96.28 54.53 300
103 383 23063 60.13 2000.30 26325.25 155.14 78.84 200
104 120 23183 23.14 549.85 6580.96 47.96 36.80 300
105 127 23310 17.88 596.52 8001.30 47.30 29.22 300
106 81 23391 11.90 337.40 4292.36 30.90 27.88 300
107 383 23774 51.16 2002.96 27346.35 153.36 80.68 0
108 384 24158 71.75 2001.40 24810.22 170.99 95.49 200
109 108 24266 18.28 483.43 5934.66 50.45 27.53 300
110 367 24633 67.37 1921.27 24173.76 141.96 77.40 300
111 385 25018 61.90 2003.31 26119.21 157.48 80.01 0
112 233 25251 38.63 1171.97 14920.38 101.99 54.72 300
113 193 25444 33.74 949.24 11790.27 84.90 55.88 300
114 87 25531 11.88 362.35 4721.99 36.63 26.59 200
115 288 25819 46.81 1468.79 18990.47 118.58 62.04 400
116 296 26115 46.76 1517.03 19565.79 138.06 81.44 400
117 147 26262 24.16 707.71 8865.71 65.97 40.03 400
118 99 26361 13.65 431.92 5538.89 47.59 34.29 300
119 385 26746 62.00 2004.85 25958.08 166.74 69.19 200
120 252 26998 42.50 1269.12 16192.69 108.62 53.00 400
121 80 27078 13.54 332.63 4055.49 34.84 22.69 400
122 75 27153 13.26 308.92 3589.58 34.44 27.05 400
123 165 27318 25.15 820.69 10704.85 71.16 47.97 300
124 383 27701 56.35 2005.06 27103.09 146.08 64.42 0
125 291 27992 53.87 1500.83 18785.44 123.73 62.50 300
126 238 28230 38.36 1197.38 15608.39 92.35 57.11 300
127 91 28321 11.13 378.23 5018.89 41.71 30.19 300
128 138 28459 19.16 662.62 8779.36 51.39 29.65 300
129 381 28840 49.04 2002.73 27731.26 136.46 62.56 0
130 156 28996 24.86 748.05 9588.37 61.46 37.49 400
131 385 29381 51.45 2002.61 27303.52 153.57 75.01 0
132 261 29642 41.57 1321.94 17059.20 106.07 58.54 500
133 246 29888 37.60 1236.88 16161.87 97.16 54.52 300
134 141 30029 18.52 666.97 9051.94 51.48 38.49 300
135 387 30416 50.01 2003.38 27372.51 158.81 73.79 0
136 383 30799 52.50 2001.37 27503.10 136.68 65.46 0
137 241 31040 40.42 1177.61 15188.43 86.76 41.35 300
138 387 31427 53.89 2001.55 27335.51 145.24 63.09 0
139 276 31703 51.42 1396.75 17285.24 116.71 59.09 600
140 151 31854 23.67 720.72 9430.98 48.48 33.43 400
141 234 32088 33.18 1164.60 15438.53 94.36 46.66 300
142 386 32474 43.01 2005.24 28728.39 127.31 66.15 0
143 120 32594 16.83 505.67 6537.63 48.96 40.94 400
144 388 32982 54.39 2001.11 27316.49 143.64 68.77 0
145 169 33151 27.63 805.93 10300.21 65.54 37.91 500
146 237 33388 32.92 1169.97 15593.40 95.85 55.32 300
147 155 33543 22.30 743.60 9706.75 71.30 45.41 300
148 298 33841 44.46 1513.01 19980.04 121.40 64.11 300
149 386 34227 49.40 2000.95 27818.87 141.63 71.14 0
150 45 34272 7.42 126.27 1454.59 17.64 14.83 300
151 366 34638 55.15 1878.96 25049.11 144.83 82.29 300
152 386 35024 48.57 2002.32 27773.71 146.68 68.02 200
153 162 35186 26.61 767.05 9900.97 61.75 37.65 300
154 298 35484 43.84 1510.66 20328.42 106.72 55.86 500
155 386 35870 55.17 2005.33 27209.46 145.89 67.12 0
156 47 35917 6.99 124.12 1428.87 17.14 18.13 300
157 190 36107 26.71 908.50 11886.28 80.61 50.60 300
158 307 36414 55.89 1563.02 19673.68 128.57 86.27 1100
159 387 36801 55.11 2000.83 27295.79 141.14 66.10 0
160 305 37106 46.15 1555.99 20665.18 122.21 68.14 500
161 257 37363 43.42 1287.82 16356.22 103.84 75.35 1100
162 386 37749 58.76 2001.62 26744.19 135.20 63.33 400
163 103 37852 14.31 450.04 5880.43 41.79 30.14 300
164 87 37939 11.82 360.56 4732.80 28.82 24.58 300
165 161 38100 20.07 776.18 10571.26 59.40 35.73 300
166 83 38183 13.83 358.81 4438.79 32.88 27.29 300
167 388 38571 51.23 2004.14 27884.02 136.79 58.40 0
168 258 38829 42.86 1265.70 15999.88 114.17 80.96 1000
169 242 39071 33.01 1204.49 16339.63 91.57 58.42 300
170 301 39372 33.92 1540.10 21735.77 107.00 59.05 300
171 390 39762 59.88 2003.02 26634.25 142.98 72.74 200
172 251 40013 35.92 1261.19 16894.28 93.90 60.22 300
173 383 40396 48.90 2001.03 27998.85 133.53 64.50 0
174 111 40507 15.61 490.50 6427.44 39.69 30.05 400
175 382 40889 50.89 2004.76 27842.29 123.56 56.07 0
176 319 41208 55.74 1597.95 20060.25 136.24 79.74 1100
177 284 41492 42.02 1449.44 19511.96 95.20 47.07 300
178 195 41687 30.45 951.56 12502.57 68.65 45.42 500
179 384 42071 59.94 2004.13 26812.08 134.52 63.51 0
180 387 42458 52.84 2004.18 27510.33 132.25 73.04 100
181 79 42537 10.31 327.68 4325.85 27.07 24.66 300
182 118 42655 16.96 547.71 7171.70 44.75 22.88 400
183 291 42946 41.06 1506.56 20474.71 99.30 62.86 400
184 168 43114 24.05 812.07 10865.96 56.67 34.44 200
185 380 43494 44.19 2001.63 28468.39 129.31 63.76 0
186 384 43878 55.66 2001.71 26966.89 151.16 67.96 0
187 361 44239 52.50 1868.12 25095.51 127.78 75.94 300
188 384 44623 54.71 2002.14 27239.89 136.53 68.27 0
189 275 44898 41.05 1405.87 19012.53 92.81 50.44 600
190 241 45139 37.03 1218.15 15987.92 84.71 51.84 300
191 138 45277 19.95 650.40 8626.56 46.20 30.79 300
192 84 45361 10.77 361.29 4856.12 26.59 22.53 200
193 382 45743 55.90 2004.76 27417.58 122.55 64.11 0
194 181 45924 37.81 879.01 10566.03 73.40 52.01 1400
195 384 46308 52.55 2003.70 27484.91 132.74 65.00 0
196 387 46695 54.65 2000.07 27266.61 132.29 59.06 0
197 385 47080 60.62 2000.12 26644.07 142.77 82.20 500
198 267 47347 37.87 1355.04 18435.69 87.01 48.82 200
199 251 47598 40.45 1239.74 16148.06 101.49 55.81 300
200 77 47675 10.43 298.91 3815.50 25.71 19.70 300
201 382 48057 53.89 2000.14 27253.18 135.61 78.68 400
202 117 48174 15.62 517.73 6850.90 45.41 33.55 300
203 135 48309 19.22 627.25 8263.98 51.27 29.88 600
204 96 48405 12.90 396.94 5116.96 36.26 22.27 300
205 80 48485 10.86 315.90 4039.42 31.02 21.37 300
206 388 48873 53.16 2001.40 27353.18 139.28 64.66 0
207 383 49256 60.12 2003.69 26681.44 136.38 65.20 0
208 51 49307 5.93 151.65 1882.20 22.63 17.19 300
209 136 49443 19.11 635.67 8388.10 51.84 29.85 300
210 302 49745 50.40 1511.56 19633.12 109.43 62.76 300
211 384 50129 58.50 2002.23 27036.02 127.28 68.76 0
212 44 50173 6.59 111.93 1196.91 22.47 22.61 300
213 386 50559 55.10 2001.32 27349.31 132.77 51.79 0
214 388 50947 62.33 2002.23 26562.28 132.10 64.81 100
215 80 51027 10.41 336.37 4413.81 29.67 26.21 300
216 82 51109 16.10 343.61 3953.15 31.86 23.28 400
217 77 51186 10.10 320.69 4187.14 29.03 22.01 200
218 226 51412 37.16 1116.85 14604.72 78.58 36.75 400
219 87 51499 10.72 346.07 4597.68 30.93 26.75 300
220 89 51588 10.97 352.42 4722.09 29.94 26.80 300
221 143 51731 20.65 645.65 8368.31 57.35 28.43 300
222 91 51822 13.63 404.52 5295.10 33.42 27.83 300
223 225 52047 43.48 1124.67 13986.09 77.62 44.54 300
224 189 52236 32.01 916.28 11711.78 70.28 48.67 400
225 85 52321 8.04 345.70 4808.00 33.94 22.72 200
226 376 52697 63.08 1944.83 25221.69 141.00 83.47 400
227 171 52868 22.62 831.22 11387.31 51.83 33.11 300
228 191 53059 32.69 939.76 12135.04 66.47 33.30 400
229 386 53445 63.51 2003.02 26524.95 131.69 62.38 0
230 72 53517 9.04 275.74 3570.18 26.71 22.04 300
231 125 53642 24.67 592.13 7104.33 54.22 44.24 500
232 156 53798 21.11 771.21 10535.07 50.65 32.00 300
233 367 54165 78.61 1906.47 23009.55 142.81 95.21 1600
234 193 54358 29.84 939.66 12346.39 70.76 47.88 300
235 216 54574 62.16 1076.06 10986.76 96.85 79.52 3500
236 386 54960 61.17 2004.41 27091.88 118.24 59.78 0
237 167 55127 32.97 811.60 9899.70 65.72 34.85 600
238 328 55455 89.69 1665.86 17938.55 143.15 118.00 5000
239 385 55840 59.81 2002.46 26840.29 126.84 65.62 0
240 387 56227 90.33 2004.18 23597.10 146.41 83.51 2500
241 49 56276 9.19 133.03 1354.09 24.43 21.22 400
242 239 56515 48.20 1208.81 14770.39 93.99 60.47 700
243 385 56900 44.13 2004.28 28703.20 124.84 74.68 0
244 261 57161 36.69 1299.60 17793.22 82.42 45.50 300
245 97 57258 10.49 424.04 5916.40 35.31 21.35 200
246 211 57469 61.59 1044.94 10712.54 88.59 79.27 3000
247 206 57675 30.47 1037.13 13786.40 77.30 50.22 300
248 385 58060 63.01 2003.35 26291.66 143.54 78.50 0
249 177 58237 27.46 872.01 11373.85 66.70 35.27 200
250 385 58622 47.58 2004.31 28307.52 120.29 61.00 0
251 186 58808 35.46 916.43 11395.16 68.64 46.14 300
252 383 59191 67.49 2004.21 26151.49 122.88 62.52 100
253 363 59554 55.02 1904.92 25705.48 117.93 71.75 300
254 381 59935 53.65 2004.71 27500.07 123.44 61.51 0
255 108 60043 18.33 480.65 5898.88 43.52 30.88 300
256 89 60132 13.71 400.19 5128.16 35.83 23.68 300
257 383 60515 59.36 2001.15 26592.85 139.95 67.69 500
258 379 60894 49.24 2003.32 27965.77 125.74 62.53 0
259 127 61021 21.90 592.46 7404.81 50.12 31.47 300
260 382 61403 60.00 2002.97 27025.51 120.37 59.00 0
261 380 61783 55.04 2001.28 27106.20 131.98 65.10 0
262 220 62003 33.17 1107.82 14626.40 74.93 43.69 300
263 233 62236 33.59 1203.28 16362.24 83.23 46.59 400
264 79 62315 11.39 341.48 4334.88 33.41 24.94 300
265 378 62693 50.06 2002.98 27646.89 133.07 69.91 100
266 385 63078 57.54 2004.90 27009.04 140.03 72.03 0
267 378 63456 60.99 2002.94 26932.00 120.12 57.27 0
268 112 63568 21.56 499.33 5995.61 45.49 31.19 300
269 165 63733 27.71 797.36 10200.23 62.56 36.43 400
270 321 64054 49.64 1661.12 22072.89 114.21 68.37 300
271 327 64381 43.18 1699.98 23332.00 127.97 81.95 300
272 168 64549 24.34 836.10 11045.84 59.99 35.45 200
273 381 64930 54.05 2002.85 27235.30 137.31 74.24 0
274 382 65312 53.17 2004.94 27503.62 130.20 63.95 0
275 263 65575 50.09 1333.53 16474.44 105.08 62.60 1700
276 154 65729 21.45 739.80 9809.69 57.17 38.39 300
277 211 65940 32.32 1069.04 14240.32 72.26 46.22 300
278 379 66319 62.80 2000.59 26016.79 156.87 90.17 900
279 382 66701 52.33 2004.36 27771.56 119.48 59.95 0
280 382 67083 53.43 2002.26 27512.08 135.71 70.14 0
281 253 67336 35.17 1301.79 17788.21 87.21 49.70 300
282 209 67545 39.60 1043.22 12529.85 89.39 78.13 1000
283 381 67926 48.65 2002.23 28001.92 133.45 68.28 0
284 380 68306 46.71 2003.35 28276.48 121.19 62.13 0
285 383 68689 55.71 2001.12 27000.04 141.50 71.61 0
286 38 68727 7.16 117.82 1178.80 19.88 18.34 300
287 142 68869 22.26 682.93 8778.79 58.15 36.49 200
288 379 69248 52.66 2002.57 27671.72 124.98 52.59 0
289 211 69459 35.60 1075.71 13737.72 82.44 51.59 400
290 123 69582 17.42 584.62 7780.00 44.39 27.33 300
291 384 69966 61.24 2003.92 26761.01 131.18 63.34 600
292 59 70025 8.33 240.35 2933.89 25.47 20.20 300
293 380 70405 54.20 2004.16 27447.07 131.31 67.25 0
294 122 70527 16.34 578.96 7614.63 57.47 39.97 300
295 253 70780 38.13 1310.90 17411.71 99.03 49.87 300
296 98 70878 13.38 446.86 5696.99 45.92 24.48 400
297 378 71256 40.85 2001.91 28581.47 136.37 64.67 0
298 379 71635 53.53 2001.12 27177.23 140.68 64.66 0
299 378 72013 47.11 2000.52 28144.16 120.12 58.07 0
300 379 72392 47.51 2000.69 28072.63 126.58 62.31 300
301 160 72552 31.95 788.96 9096.51 79.53 45.52 600
302 380 72932 50.19 2000.81 27631.15 141.83 62.78 0
303 384 73316 53.97 2003.12 27229.04 136.59 65.69 0
304 383 73699 48.63 2001.54 27848.12 138.80 66.04 0
305 163 73862 24.39 803.86 10375.49 70.66 46.10 300
306 86 73948 10.72 371.48 4942.03 32.03 21.20 400
307 267 74215 37.95 1382.60 18428.10 101.02 66.93 800
308 382 74597 43.63 2001.77 28579.79 126.79 49.40 0
309 39 74636 9.26 127.84 1092.30 24.10 16.93 500
310 84 74720 10.05 365.09 4880.57 32.26 24.77 200
311 125 74845 15.06 605.51 8045.65 52.79 35.30 300
312 265 75110 33.17 1361.30 18773.62 95.73 46.52 300
313 384 75494 48.16 2001.76 27781.67 140.37 66.97 0
314 380 75874 57.71 2002.61 26928.79 142.12 73.23 0
315 381 76255 48.82 2004.46 28015.55 127.28 64.85 0
316 124 76379 17.40 600.68 7962.17 49.73 26.24 300
317 216 76595 29.02 1099.38 14920.91 81.98 50.62 300
318 342 76937 49.03 1782.92 24227.86 119.36 62.85 300
319 297 77234 40.39 1529.15 20816.43 110.20 77.90 300
320 381 77615 47.45 2004.01 28261.26 126.44 52.76 0
321 380 77995 54.91 2001.28 26991.63 138.75 70.56 300
322 90 78085 10.89 398.82 5369.76 34.44 21.30 300
323 383 78468 52.85 2000.94 26989.60 148.11 72.27 0
324 84 78552 8.50 363.00 5021.58 33.14 20.10 200
325 382 78934 49.70 2003.92 27988.67 131.34 65.16 0
326 112 79046 21.25 512.94 6089.88 53.25 26.82 600
327 387 79433 54.58 2003.36 26803.19 160.66 90.19 500
328 45 79478 7.60 161.66 1728.87 24.76 20.80 300
329 382 79860 51.20 2001.35 27312.41 147.26 76.08 0
330 382 80242 57.02 2001.31 26449.26 156.10 79.26 400
331 217 80459 37.81 1099.06 13736.65 94.84 49.27 800
332 158 80617 24.96 775.94 9795.19 65.75 41.87 300
333 81 80698 10.26 338.14 4331.12 39.73 26.38 300
334 380 81078 50.13 2001.25 27738.39 132.36 53.77 0
335 93 81171 14.50 424.58 5239.60 43.95 30.61 300
336 341 81512 46.87 1767.37 23745.05 136.71 74.56 400
337 379 81891 56.79 2002.16 26885.86 132.52 52.65 400
338 114 82005 15.97 517.76 6623.11 55.82 42.09 300
339 379 82384 48.94 2001.23 27720.48 141.79 72.07 0
340 98 82482 12.07 437.07 5823.80 41.27 33.54 300
341 289 82771 40.45 1484.77 20063.99 106.68 61.33 300
342 298 83069 37.71 1545.90 21245.59 116.70 60.86 300
343 336 83405 43.23 1738.26 23789.51 128.16 65.07 300
344 168 83573 22.80 813.32 10923.91 66.25 41.05 300
345 88 83661 11.21 353.82 4588.75 38.74 28.99 200
346 229 83890 29.19 1150.13 15735.85 83.85 43.54 300
347 158 84048 26.02 783.67 9739.95 70.33 41.73 400
348 81 84129 10.69 331.49 4141.83 39.80 19.75 200
349 146 84275 21.50 718.12 9276.50 60.07 41.12 500
350 372 84647 53.01 1945.59 26253.81 139.51 71.30 400
351 303 84950 48.18 1554.67 20107.67 127.62 69.64 300
352 221 85171 30.06 1118.96 15115.74 81.77 41.75 300
353 218 85389 33.81 1111.88 14386.34 96.14 60.99 700
354 102 85491 12.61 471.32 6376.49 40.68 23.47 300
355 382 85873 49.15 2005.42 27973.08 134.75 71.18 0
356 233 86106 38.33 1178.70 15130.58 95.20 61.15 300
357 185 86291 36.68 911.82 10793.20 80.32 48.62 1200
358 383 86674 51.05 2001.72 27465.20 138.83 78.58 500
359 227 86901 35.10 1127.98 14606.21 100.11 63.87 500
360 384 87285 52.20 2005.26 27751.03 128.88 59.76 500
361 250 87535 36.93 1267.43 16742.34 96.81 63.80 300
362 140 87675 17.47 665.76 9073.82 50.72 30.28 300
363 325 88000 44.04 1672.59 22823.68 121.44 68.13 300
364 217 88217 23.72 1097.62 15619.45 71.76 40.43 300
365 388 88605 51.70 2000.63 27215.50 152.00 81.50 300
366 342 88947 45.54 1769.37 24139.75 128.13 78.58 300
367 379 89326 43.94 2001.09 28506.01 127.86 59.16 0
368 176 89502 26.10 877.08 11394.65 73.19 47.83 400
369 286 89788 37.74 1458.94 19756.09 112.27 69.20 300
370 85 89873 9.95 344.06 4601.96 36.44 30.89 200
371 95 89968 14.51 413.64 5221.84 44.42 25.58 400
372 364 90332 54.66 1886.65 25077.91 136.94 82.84 300
373 261 90593 29.30 1321.86 18558.23 96.46 57.84 200
374 93 90686 11.70 396.32 5220.08 39.67 30.73 300
375 340 91026 56.02 1741.84 22773.04 126.82 85.37 1500
376 280 91306 38.37 1418.26 19234.12 105.75 51.65 200
377 385 91691 51.92 2001.88 27624.57 136.88 74.81 0
378 144 91835 24.65 665.82 8012.48 69.92 40.38 600
379 135 91970 16.83 632.07 8596.11 50.93 29.11 300
380 86 92056 10.68 346.39 4542.40 35.53 24.34 200
381 103 92159 11.96 458.21 6271.72 43.02 28.49 300
382 101 92260 16.21 433.73 5443.07 43.41 24.08 600
383 146 92406 20.53 674.43 8773.00 69.23 38.84 300
384 94 92500 10.82 401.37 5353.54 44.01 25.57 300
385 387 92887 52.93 2002.00 27311.27 147.39 70.52 0
386 389 93276 57.84 2000.87 26724.78 148.00 79.35 100
387 179 93455 37.55 868.41 10385.82 72.52 35.78 1300
388 95 93550 20.15 411.88 4540.57 43.21 28.51 600
389 304 93854 43.39 1550.51 20653.31 120.32 66.13 300
390 384 94238 55.68 2005.49 27274.45 131.56 63.88 400
391 50 94288 7.54 172.10 2000.26 23.44 18.97 200
392 76 94364 12.29 291.19 3479.13 32.28 23.31 500
393 351 94715 52.15 1821.62 24697.11 126.24 66.62 500
394 386 95101 46.63 2004.82 28235.01 131.81 58.72 0
395 390 95491 66.00 2000.66 25709.33 154.95 88.52 900
396 386 95877 56.34 2000.21 26950.88 145.58 64.98 300
397 392 96269 56.64 2001.41 27119.75 144.05 71.99 0
398 388 96657 61.67 2005.21 26406.28 157.93 97.17 300
399 293 96950 39.98 1491.20 20424.29 108.70 56.79 200
400 146 97096 20.27 677.60 9034.48 54.70 36.31 200
401 247 97343 41.26 1233.37 16005.18 87.09 46.98 500
402 385 97728 43.18 2004.28 28551.77 135.60 63.94 0
403 233 97961 41.17 1144.30 14136.52 107.06 62.67 1500
404 384 98345 46.98 2002.92 27849.60 144.46 68.35 400
405 300 98645 47.65 1524.20 19949.37 117.86 62.49 600
406 323 98968 59.29 1656.25 20435.72 137.64 84.02 1300
407 384 99352 43.04 2004.20 28477.19 138.02 61.61 0
408 92 99444 11.85 399.36 5236.27 34.90 22.17 300
409 375 99819 52.62 1958.77 26545.37 140.12 71.27 300
410 161 99980 25.71 755.02 9559.36 68.34 35.47 500
411 389 100369 68.24 2001.75 25263.30 176.82 101.51 1100
412 385 100754 56.73 2004.31 27085.83 131.15 55.66 100
413 35 100789 6.46 81.71 774.28 20.33 23.51 200
414 385 101174 76.34 2001.12 24476.88 154.77 69.07 1700
415 386 101560 54.97 2000.16 26756.24 150.89 66.57 0
416 384 101944 57.40 2001.70 26759.78 139.27 75.49 700
417 45 101989 7.11 135.07 1488.84 22.49 17.94 200
418 312 102301 40.67 1608.06 22244.24 112.74 61.63 500
419 383 102684 47.84 2003.40 28219.45 129.18 52.39 0
420 382 103066 53.10 2001.40 27532.28 130.77 53.35 100
421 124 103190 18.34 573.23 7493.32 49.30 41.45 200
422 381 103571 56.87 2004.70 26864.92 132.58 67.50 100
423 206 103777 38.23 1027.33 12564.20 91.37 65.04 900
424 310 104087 48.66 1589.82 20834.61 117.44 66.79 200
425 382 104469 54.06 2004.41 27034.19 139.40 78.54 0
426 384 104853 44.61 2004.73 28417.53 132.31 64.17 0
427 231 105084 30.19 1166.39 15899.50 87.15 46.67 200
428 384 105468 51.96 2005.16 27686.31 128.34 64.18 0
429 385 105853 51.66 2001.32 27265.08 148.86 79.67 200
430 361 106214 59.49 1864.57 24170.07 139.19 83.35 900
431 380 106594 43.42 2005.26 28572.64 123.40 64.33 0
432 77 106671 15.74 321.62 3670.80 32.95 22.98 600
433 381 107052 53.18 2002.83 27360.39 127.84 81.19 400
434 289 107341 45.87 1476.79 19513.18 105.18 64.98 400
435 83 107424 14.26 331.86 3941.91 32.58 27.50 600
436 158 107582 21.66 774.47 10415.68 59.47 34.79 400
437 383 107965 45.96 2001.78 28135.05 134.05 65.82 0
438 295 108260 40.23 1515.57 20604.27 109.91 67.34 200
439 240 108500 50.94 1181.56 13468.68 112.90 77.74 1700
440 154 108654 24.23 733.46 9430.27 60.97 36.08 300
441 381 109035 44.95 2001.01 28386.91 121.67 57.03 100
442 382 109417 49.45 2000.15 27675.78 135.05 69.91 0
443 86 109503 12.46 361.35 4605.17 35.00 21.52 200
444 382 109885 45.60 2001.76 28230.92 130.23 70.77 0
445 317 110202 46.54 1619.83 21944.19 106.24 63.54 1100
446 384 110586 51.07 2005.23 27640.14 135.92 70.02 0
447 41 110627 8.02 117.93 1074.70 20.18 20.14 200
448 221 110848 29.61 1116.07 15105.98 84.52 54.17 200
449 143 110991 27.10 686.45 8364.32 59.45 40.45 200
450 386 111377 51.11 2003.19 27260.23 147.47 69.09 100
451 382 111759 54.45 2003.71 27001.92 139.57 62.50 400
452 385 112144 52.67 2001.96 27308.53 136.69 75.83 500
453 63 112207 11.91 244.49 2742.69 24.44 17.24 300
454 74 112281 9.37 296.82 3880.72 27.08 22.96 200
455 325 112606 60.07 1664.27 20679.26 135.03 87.60 2100
456 381 112987 53.43 2002.20 27202.69 136.38 76.19 0
457 387 113374 50.25 2000.17 27704.80 135.88 74.05 600
458 311 113685 44.96 1621.28 21708.34 118.67 70.78 200
459 176 113861 21.11 874.66 12189.77 61.90 44.06 300
460 382 114243 55.95 2003.44 26649.77 149.62 83.42 100
461 385 114628 51.03 2005.56 27595.41 148.55 83.53 700
462 41 114669 7.32 118.23 1214.39 19.41 18.54 300
463 286 114955 42.86 1466.72 19503.09 110.60 69.25 300
464 383 115338 38.84 2002.62 28753.94 136.45 62.46 0
465 337 115675 50.25 1737.61 23105.05 134.66 75.29 300
466 382 116057 50.30 2005.19 27367.72 157.05 87.02 600
467 85 116142 13.81 369.10 4540.66 35.63 26.21 300
468 244 116386 32.20 1233.90 16815.49 88.17 49.65 200
469 287 116673 34.11 1480.98 20757.84 99.70 62.65 300
470 382 117055 45.92 2005.49 28295.34 131.47 73.72 500
471 384 117439 54.31 2002.67 26822.06 161.26 85.85 0
472 328 117767 45.47 1693.44 23076.98 113.15 55.59 500
473 381 118148 47.56 2005.33 28147.43 123.96 63.55 400
474 45 118193 9.30 142.73 1315.31 18.70 14.80 300
475 299 118492 45.18 1546.91 20561.61 105.79 57.09 600
476 82 118574 15.13 336.68 3897.05 34.56 26.68 700
477 381 118955 64.10 2004.55 26142.49 142.39 74.25 1100
478 166 119121 18.62 817.98 11388.76 60.88 27.97 400
479 380 119501 49.96 2003.46 27561.21 136.10 70.21 600
480 157 119658 20.95 761.32 10160.31 62.40 41.75 300
481 150 119808 21.87 733.47 9550.74 59.30 35.67 300
482 380 120188 41.05 2001.41 28728.49 126.85 51.70 0
483 186 120374 26.09 922.65 12272.35 79.33 56.13 200
484 80 120454 13.60 324.67 3810.08 34.53 27.02 400
485 386 120840 49.57 2004.22 27803.33 145.25 76.14 0
486 320 121160 41.84 1653.16 22584.34 119.63 66.60 300
487 379 121539 42.48 2000.02 28506.52 137.74 64.28 0
488 384 121923 46.21 2004.93 28209.19 131.62 56.43 100
489 91 122014 11.84 404.63 5318.69 37.17 23.50 300
490 75 122089 10.06 313.25 4071.54 29.50 18.91 200
491 382 122471 57.55 2003.78 26782.22 147.10 77.85 400
492 380 122851 45.45 2002.88 28377.40 132.72 65.30 0
493 380 123231 44.92 2002.36 28284.29 141.39 70.00 0
494 224 123455 35.70 1117.63 14463.58 96.36 65.42 300
495 380 123835 57.32 2001.83 27186.22 130.67 64.36 0
496 79 123914 13.33 327.47 3846.48 32.57 25.95 600
497 162 124076 25.33 797.16 10458.85 64.19 37.06 300
498 354 124430 53.26 1839.46 24244.88 139.13 82.02 500
499 89 124519 14.13 402.66 5080.22 38.60 29.64 400
500 254 124773 32.61 1309.02 17916.53 96.70 46.47 400
501 380 125153 41.58 2001.21 28706.81 131.37 58.64 0
502 381 125534 42.94 2004.41 28613.71 131.65 62.00 0
503 378 125912 37.67 2004.61 29213.01 127.21 54.12 0
504 168 126080 20.81 816.43 11109.84 71.27 51.08 200
505 325 126405 43.01 1706.73 23611.87 110.19 64.04 200
506 379 126784 53.87 2001.89 26956.51 155.29 92.49 200
507 40 126824 6.05 120.79 1371.01 21.84 22.78 200
508 383 127207 50.64 2005.06 27577.91 146.61 73.46 400
509 40 127247 7.31 114.48 1145.93 18.92 17.96 300
510 94 127341 11.99 416.05 5468.85 39.71 23.17 300
511 215 127556 37.12 1083.97 13744.83 88.74 59.23 400
512 330 127886 45.99 1739.07 23398.55 123.93 82.18 500
513 295 128181 48.28 1524.47 19778.82 121.25 80.76 700
514 82 128263 10.82 344.99 4502.52 36.41 30.10 300
515 380 128643 49.06 2003.26 27829.17 139.63 61.45 0
516 77 128720 11.39 332.50 4181.13 31.79 29.82 300
517 380 129100 43.55 2000.17 28642.03 133.18 60.27 0
518 275 129375 44.66 1435.81 18833.08 108.42 63.41 400
519 140 129515 17.45 672.61 9191.44 54.66 34.02 500
520 380 129895 49.20 2003.00 27857.84 132.91 61.90 100
521 380 130275 39.84 2004.52 28720.78 139.25 71.96 0
522 229 130504 30.28 1171.58 15959.21 85.37 49.76 500
523 380 130884 56.46 2002.95 26983.20 138.94 68.61 700
524 117 131001 20.29 554.70 6911.02 52.23 28.32 500
525 376 131377 38.64 2000.70 29210.26 125.77 51.91 0
526 182 131559 23.42 891.60 12000.77 70.58 43.86 500
527 379 131938 42.96 2002.79 28607.79 130.23 57.57 400
528 377 132315 49.36 2003.85 27869.04 132.42 59.23 0
529 177 132492 18.08 887.58 12590.10 64.77 35.05 200
530 86 132578 10.93 391.92 5212.17 35.51 21.66 400
531 379 132957 43.73 2005.43 28596.99 128.99 54.71 0
532 376 133333 39.13 2004.01 28942.38 125.41 54.59 0
533 215 133548 31.16 1105.38 14668.03 80.74 51.11 600
534 254 133802 36.39 1306.11 17393.41 104.76 56.25 300
535 382 134184 47.84 2004.00 27962.17 139.97 58.53 0
536 80 134264 10.79 358.50 4683.69 32.19 22.10 200
537 376 134640 50.63 1994.26 27450.21 137.41 78.13 200
538 338 134978 38.12 1786.93 25523.82 113.16 56.45 300
539 376 135354 43.36 2001.29 28517.70 136.36 56.27 0
540 377 135731 51.68 2003.87 27722.91 135.83 57.24 0
541 380 136111 43.03 2003.82 28401.58 139.24 56.95 0
542 266 136377 37.00 1386.66 18718.81 106.66 64.79 400
543 81 136458 10.63 369.36 4866.13 33.19 23.53 300
544 377 136835 43.82 2000.14 28415.69 132.18 52.96 0
545 49 136884 8.27 189.49 2141.59 20.90 17.20 200
546 141 137025 20.58 694.37 9114.48 54.51 42.85 200
547 86 137111 10.94 384.25 5184.05 36.28 21.88 300
548 241 137352 28.90 1234.14 17202.81 87.89 46.64 300
549 307 137659 32.89 1616.61 23058.13 113.11 57.80 300
550 83 137742 13.77 351.90 4357.02 36.01 24.63 300
551 104 137846 19.02 484.19 5814.29 41.84 35.09 800
552 380 138226 54.90 2002.96 27279.21 133.61 60.76 200
553 378 138604 52.34 2003.97 27417.35 141.31 68.10 0
554 325 138929 53.09 1707.67 22404.47 127.25 72.84 700
555 208 139137 33.15 1051.22 13736.16 79.39 41.15 600
556 380 139517 53.24 2000.47 27262.23 136.97 74.83 500
557 379 139896 42.82 2003.40 28748.61 127.54 56.14 0
558 381 140277 48.15 2004.29 27726.63 144.04 88.54 0
559 380 140657 41.97 2002.42 28736.38 127.10 47.83 0
560 379 141036 49.62 2003.05 27662.81 140.22 73.63 700
561 328 141364 43.98 1715.02 23456.22 127.98 63.81 200
562 318 141682 46.55 1661.34 22424.71 123.05 67.16 700
563 81 141763 13.14 348.57 4264.91 35.86 24.91 500
564 163 141926 25.95 816.58 10693.24 65.29 31.93 800
565 86 142012 14.68 378.57 4462.75 41.54 31.11 600
566 382 142394 57.52 2003.14 26667.32 161.76 81.50 0
567 252 142646 33.77 1301.64 17589.20 101.55 54.51 300
568 59 142705 12.20 231.33 2440.75 28.56 22.86 300
569 204 142909 27.47 1044.62 14242.53 81.44 46.94 300
570 381 143290 50.74 2002.81 27732.44 135.24 70.16 0
571 252 143542 26.89 1300.96 18476.22 96.09 52.32 200
572 84 143626 11.01 370.14 4862.70 35.22 21.39 300
573 191 143817 27.59 960.70 12784.42 75.59 42.46 400
574 379 144196 37.55 2003.72 29219.89 132.36 53.60 0
575 379 144575 49.42 2004.15 27951.31 132.76 65.26 400
576 335 144910 43.15 1763.29 24448.68 125.72 59.56 200
577 243 145153 32.35 1248.33 16991.73 93.07 49.67 200
578 85 145238 10.22 381.54 5168.08 34.58 20.53 300
579 378 145616 43.94 2000.87 28503.90 133.55 62.29 0
580 171 145787 18.35 859.54 11950.12 72.20 41.37 300
581 86 145873 11.33 391.81 5171.31 36.04 24.08 300
582 377 146250 41.55 2001.86 28650.61 131.05 62.11 0
583 184 146434 29.22 925.03 11817.59 81.08 52.37 500
584 378 146812 47.39 2000.49 27979.87 139.34 68.63 200
585 378 147190 49.30 2001.48 27871.18 136.50 66.01 500
586 254 147444 30.79 1294.28 17943.84 98.18 54.95 400
587 344 147788 49.55 1811.50 24419.91 132.84 75.43 1100
588 91 147879 11.66 395.77 5183.55 41.76 32.42 300
589 370 148249 54.79 1939.32 25926.12 137.82 70.49 900
590 85 148334 12.48 374.40 4896.61 30.69 23.62 300
591 378 148712 45.63 2000.22 28253.66 135.71 64.72 0
592 209 148921 29.67 1048.36 13991.24 78.26 54.70 300
593 51 148972 10.59 190.42 2032.17 22.09 14.14 400
594 138 149110 21.97 660.08 8607.43 48.23 28.42 400
595 81 149191 11.73 349.07 4411.22 35.38 25.22 200
596 378 149569 46.99 2002.98 28200.20 135.08 63.81 0
597 144 149713 19.92 678.42 8986.47 58.03 34.54 300
